0 5.0 1.617 0.944
10 5.0 1.624 0.956
20 5.0 1.705 0.891
30 5.0 1.691 0.949
40 5.0 1.536 0.918
50 5.0 1.515 0.844
60 5.0 1.697 0.812
70 5.0 1.466 0.805
80 5.0 1.622 0.898
90 5.0 1.587 0.947
100 5.0 1.680 0.850
110 5.0 1.592 0.887
120 5.0 1.664 0.830
130 5.0 1.598 0.930
140 5.0 1.575 0.986
150 5.0 1.485 1.018
160 5.0 1.585 0.877
170 5.0 1.585 1.016
180 5.0 1.551 0.958
190 5.0 1.529 0.832
0 6.0 1.972 0.752
10 6.0 2.007 0.871
20 6.0 1.873 0.754
30 6.0 2.072 0.962
40 6.0 1.851 0.908
50 6.0 2.039 0.680
60 6.0 1.887 0.716
70 6.0 1.917 0.847
80 6.0 2.062 0.825
90 6.0 1.866 0.830
100 6.0 1.894 0.825
110 6.0 1.860 0.725
120 6.0 2.034 0.793
130 6.0 2.036 0.833
140 6.0 2.003 0.907
150 6.0 1.956 0.763
160 6.0 1.994 0.823
170 6.0 1.996 0.843
180 6.0 2.072 0.975
190 6.0 1.884 0.699
0 8.0 0.148 1.711
10 8.0 0.104 1.616
20 8.0 0.210 1.812
30 8.0 0.073 1.826
40 8.0 0.283 1.701
50 8.0 0.059 1.525
60 8.0 0.001 1.397
70 8.0 0.006 1.643
80 8.0 -0.024 1.883
90 8.0 0.064 1.757
100 8.0 0.132 1.751
110 8.0 0.058 1.530
120 8.0 -0.071 1.793
130 8.0 0.066 1.353
140 8.0 0.058 1.502
150 8.0 -0.006 1.720
160 8.0 -0.013 1.709
170 8.0 0.084 1.645
180 8.0 -0.011 1.797
190 8.0 0.072 1.600
500 24.0 2.278 -1.745
510 24.0 1.932 -1.514
520 24.0 1.624 -1.425
530 24.0 1.441 -1.565
540 24.0 1.095 -1.127
550 24.0 0.770 -1.127
560 24.0 0.408 -1.340
570 24.0 -0.090 -1.098
580 24.0 0.042 -0.881
590 24.0 -0.475 -0.960
600 24.0 -0.970 -0.507
610 24.0 -1.132 -0.582
620 24.0 -1.554 -0.269
630 24.0 -1.977 -0.235
640 24.0 -1.981 -0.173
650 24.0 -2.475 -0.495
660 24.0 -2.907 -0.071
670 24.0 -3.345 0.107
680 24.0 -3.677 0.387
690 24.0 -3.889 0.581
500 25.0 2.598 -0.807
510 25.0 2.609 -0.892
520 25.0 2.091 -0.868
530 25.0 1.966 -0.883
540 25.0 1.792 -0.934
550 25.0 1.321 -0.882
560 25.0 0.780 -0.693
570 25.0 0.714 -0.623
580 25.0 0.418 -0.758
590 25.0 0.110 -0.509
600 25.0 -0.205 -0.114
610 25.0 -0.555 -0.010
620 25.0 -0.876 0.096
630 25.0 -1.151 0.150
640 25.0 -1.512 0.574
650 25.0 -1.848 0.504
660 25.0 -2.198 0.676
670 25.0 -2.750 1.004
680 25.0 -3.291 1.093
690 25.0 -3.546 1.088
590 28.0 2.719 -2.601
600 28.0 2.614 -2.433
610 28.0 2.102 -2.260
620 28.0 1.667 -2.162
630 28.0 1.640 -2.081
640 28.0 1.118 -1.971
650 28.0 0.795 -1.750
660 28.0 0.768 -1.718
670 28.0 0.093 -1.642
680 28.0 -0.148 -1.350
690 28.0 -0.230 -1.312
700 28.0 -0.620 -1.085
710 28.0 -0.947 -0.867
720 28.0 -1.493 -0.861
730 28.0 -1.747 -0.613
740 28.0 -2.505 -0.378
750 28.0 -2.487 0.092
760 28.0 -3.038 0.474
770 28.0 -3.525 0.642
780 28.0 -4.023 0.945
1000 38.0 -5.692 4.893
1010 38.0 -5.625 4.875
1020 38.0 -5.656 4.809
1030 38.0 -5.547 4.662
1040 38.0 -5.644 4.832
1050 38.0 -5.698 4.918
1060 38.0 -5.612 4.872
1070 38.0 -5.644 4.883
1080 38.0 -5.621 4.737
1090 38.0 -5.691 4.782
1100 38.0 -5.820 4.811
1110 38.0 -5.761 4.752
1120 38.0 -5.747 4.780
1130 38.0 -5.826 4.854
1140 38.0 -5.740 4.920
1150 38.0 -5.846 4.845
1160 38.0 -5.789 4.850
1170 38.0 -5.843 4.873
1180 38.0 -5.753 4.931
1190 38.0 -5.846 4.775
1150 46.0 1.474 0.922
1160 46.0 1.507 0.982
1170 46.0 1.809 1.050
1180 46.0 1.643 1.224
1190 46.0 1.662 1.240
1200 46.0 1.663 0.904
1210 46.0 1.503 0.908
1220 46.0 1.912 1.093
1230 46.0 1.580 0.821
1240 46.0 1.682 0.890
1250 46.0 1.644 0.998
1260 46.0 1.763 0.943
1270 46.0 1.748 1.050
1280 46.0 1.424 1.035
1290 46.0 1.640 1.298
1300 46.0 1.722 0.934
1310 46.0 1.655 1.106
1320 46.0 1.515 1.299
1330 46.0 1.764 0.813
1340 46.0 1.648 1.014
1150 47.0 2.079 0.971
1160 47.0 2.242 0.866
1170 47.0 2.059 0.965
1180 47.0 2.161 0.814
1190 47.0 2.185 0.775
1200 47.0 1.926 0.673
1210 47.0 1.847 0.891
1220 47.0 1.789 0.711
1230 47.0 1.983 0.929
1240 47.0 1.966 0.884
1250 47.0 1.925 0.821
1260 47.0 1.976 0.673
1270 47.0 2.012 0.781
1280 47.0 2.068 0.798
1290 47.0 1.997 0.921
1300 47.0 2.050 0.887
1310 47.0 2.135 0.847
1320 47.0 1.921 0.898
1330 47.0 1.983 0.866
1340 47.0 1.854 0.832
1200 39.0 -5.704 4.806
1210 39.0 -5.885 4.897
1220 39.0 -5.817 5.023
1230 39.0 -5.732 4.868
1240 39.0 -5.847 4.807
1250 39.0 -5.746 4.782
1260 39.0 -5.843 4.873
1270 39.0 -5.782 4.801
1280 39.0 -5.656 4.793
1290 39.0 -5.702 4.906
1300 39.0 -5.588 4.802
1310 39.0 -5.711 4.867
1320 39.0 -5.628 4.825
1330 39.0 -5.764 4.914
1340 39.0 -5.766 4.813
1350 39.0 -5.851 4.829
1360 39.0 -5.873 4.762
1370 39.0 -5.828 4.875
1380 39.0 -5.972 4.905
1390 39.0 -5.799 4.904
1400 40.0 -5.844 4.888
1410 40.0 -5.754 4.838
1420 40.0 -5.854 4.956
1430 40.0 -5.755 4.870
1440 40.0 -5.813 4.866
1450 40.0 -5.869 4.876
1460 40.0 -5.897 4.813
1470 40.0 -5.705 4.710
1480 40.0 -5.860 4.801
1490 40.0 -5.866 4.789
1500 40.0 -5.903 5.036
1510 40.0 -5.746 5.009
1520 40.0 -5.535 4.890
1530 40.0 -5.490 4.936
1540 40.0 -5.576 4.957
1550 40.0 -5.538 4.912
1560 40.0 -5.736 5.045
1570 40.0 -5.425 4.913
1580 40.0 -5.610 4.897
1590 40.0 -5.522 4.974
1600 41.0 -5.597 4.785
1610 41.0 -5.682 5.067
1620 41.0 -5.613 4.848
1630 41.0 -5.427 4.852
1640 41.0 -5.424 5.049
1650 41.0 -5.365 4.971
1660 41.0 -5.665 4.894
1670 41.0 -5.645 5.126
1680 41.0 -5.605 5.060
1690 41.0 -5.579 5.054
1700 41.0 -5.402 4.994
1710 41.0 -5.453 5.024
1720 41.0 -5.854 4.790
1730 41.0 -5.444 4.728
1740 41.0 -5.367 4.932
1750 41.0 -5.336 5.214
1760 41.0 -5.653 5.095
1770 41.0 -5.560 5.136
1780 41.0 -5.747 4.828
1790 41.0 -5.322 5.111
1800 42.0 -5.557 4.862
1810 42.0 -5.711 4.872
1820 42.0 -5.681 4.928
1830 42.0 -5.556 4.921
1840 42.0 -5.576 4.877
1850 42.0 -5.405 5.017
1860 42.0 -5.718 4.889
1870 42.0 -5.515 5.038
1880 42.0 -5.653 4.821
1890 42.0 -5.507 4.960
1900 42.0 -5.457 4.804
1910 42.0 -5.545 4.671
1920 42.0 -5.544 4.863
1930 42.0 -5.496 5.161
1940 42.0 -5.266 4.952
1950 42.0 -5.506 4.773
1960 42.0 -5.606 4.931
1970 42.0 -5.480 5.098
1980 42.0 -5.447 4.822
1990 42.0 -5.506 5.214
2770 71.0 1.562 -3.985
2780 71.0 0.989 -3.568
2790 71.0 0.557 -3.298
2800 71.0 -0.011 -2.953
2810 71.0 -0.570 -2.788
2820 71.0 -1.129 -2.488
2830 71.0 -1.633 -2.172
2840 71.0 -2.213 -1.540
2850 71.0 -2.665 -1.380
2860 71.0 -2.914 -1.010
2870 71.0 -3.637 -0.832
2880 71.0 -3.843 -0.254
2890 71.0 -4.453 0.057
2900 71.0 -4.879 0.442
2910 71.0 -5.552 0.864
2920 71.0 -6.088 0.975
2930 71.0 -6.617 1.331
2940 71.0 -7.269 1.656
2950 71.0 -7.897 1.738
2960 71.0 -8.315 2.129
2770 72.0 2.028 -3.452
2780 72.0 1.477 -3.031
2790 72.0 0.971 -2.751
2800 72.0 0.580 -2.340
2810 72.0 0.165 -2.155
2820 72.0 -0.321 -1.772
2830 72.0 -0.977 -1.596
2840 72.0 -1.447 -1.206
2850 72.0 -2.039 -0.956
2860 72.0 -2.535 -0.464
2870 72.0 -2.963 -0.167
2880 72.0 -3.405 0.239
2890 72.0 -3.967 0.710
2900 72.0 -4.504 1.107
2910 72.0 -4.997 1.473
2920 72.0 -5.633 1.942
2930 72.0 -6.047 2.358
2940 72.0 -6.457 2.873
2950 72.0 -7.114 3.271
2960 72.0 -7.797 3.609
3100 83.0 1.592 -2.856
3110 83.0 0.793 -2.411
3120 83.0 0.354 -2.294
3130 83.0 -0.017 -1.856
3140 83.0 -0.680 -1.524
3150 83.0 -1.052 -1.315
3160 83.0 -1.726 -0.994
3170 83.0 -2.096 -0.756
3180 83.0 -2.707 -0.465
3190 83.0 -3.096 -0.098
3200 83.0 -3.710 0.059
3210 83.0 -4.263 0.665
3220 83.0 -4.764 0.911
3230 83.0 -4.994 1.369
3240 83.0 -5.599 2.057
3250 83.0 -6.163 2.304
3260 83.0 -6.236 2.751
3270 83.0 -6.679 3.345
3280 83.0 -7.288 3.682
3290 83.0 -7.681 4.018
4000 96.0 2.199 -3.695
4010 96.0 2.031 -3.308
4020 96.0 1.586 -3.267
4030 96.0 1.550 -3.086
4040 96.0 1.082 -2.842
4050 96.0 0.902 -2.783
4060 96.0 0.611 -2.458
4070 96.0 0.170 -2.104
4080 96.0 -0.019 -2.179
4090 96.0 -0.605 -1.688
4100 96.0 -0.777 -1.518
4110 96.0 -1.542 -1.430
4120 96.0 -1.654 -1.238
4130 96.0 -2.093 -1.049
4140 96.0 -2.683 -0.890
4150 96.0 -3.009 -0.210
4160 96.0 -3.526 -0.373
4170 96.0 -3.922 -0.080
4180 96.0 -4.317 0.343
4190 96.0 -4.741 0.253
4000 97.0 2.328 -2.676
4010 97.0 2.026 -2.610
4020 97.0 1.894 -2.498
4030 97.0 1.219 -2.255
4040 97.0 0.824 -2.218
4050 97.0 0.549 -1.761
4060 97.0 0.272 -1.582
4070 97.0 0.104 -1.412
4080 97.0 -0.219 -0.832
4090 97.0 -0.694 -0.723
4100 97.0 -0.960 -0.572
4110 97.0 -1.193 -0.430
4120 97.0 -1.888 -0.102
4130 97.0 -2.108 0.069
4140 97.0 -2.838 0.404
4150 97.0 -3.079 0.519
4160 97.0 -3.806 0.816
4170 97.0 -4.038 0.641
4180 97.0 -4.584 0.996
4190 97.0 -5.031 1.072
4000 101.0 -7.749 3.036
4010 101.0 -7.654 3.027
4020 101.0 -7.666 3.075
4030 101.0 -7.612 2.995
4040 101.0 -7.752 3.024
4050 101.0 -7.848 2.996
4060 101.0 -7.967 3.041
4070 101.0 -8.038 2.986
4080 101.0 -7.855 2.977
4090 101.0 -7.851 3.020
4100 101.0 -7.753 3.019
4110 101.0 -7.807 2.948
4120 101.0 -7.756 2.872
4130 101.0 -7.793 2.920
4140 101.0 -7.842 2.997
4150 101.0 -7.875 2.977
4160 101.0 -7.856 2.908
4170 101.0 -7.832 3.008
4180 101.0 -7.908 2.987
4190 101.0 -7.991 3.030
4000 102.0 -8.525 3.410
4010 102.0 -8.817 3.436
4020 102.0 -8.771 3.431
4030 102.0 -8.547 3.432
4040 102.0 -8.638 3.462
4050 102.0 -8.564 3.459
4060 102.0 -8.615 3.422
4070 102.0 -8.626 3.325
4080 102.0 -8.706 3.401
4090 102.0 -8.625 3.413
4100 102.0 -8.782 3.392
4110 102.0 -8.573 3.403
4120 102.0 -8.712 3.484
4130 102.0 -8.646 3.358
4140 102.0 -8.838 3.365
4150 102.0 -8.630 3.459
4160 102.0 -8.664 3.334
4170 102.0 -8.676 3.442
4180 102.0 -8.601 3.305
4190 102.0 -8.659 3.432
4430 104.0 -8.961 3.556
4440 104.0 -8.763 3.705
4450 104.0 -8.401 3.638
4460 104.0 -8.638 3.559
4470 104.0 -8.488 3.335
4480 104.0 -8.846 3.620
4490 104.0 -8.608 3.400
4500 104.0 -8.485 3.547
4510 104.0 -8.527 3.303
4520 104.0 -8.711 3.492
4530 104.0 -8.763 3.446
4540 104.0 -8.762 3.403
4550 104.0 -8.370 3.468
4560 104.0 -8.515 3.588
4570 104.0 -8.775 3.588
4580 104.0 -8.525 3.680
4590 104.0 -8.639 3.393
4600 104.0 -8.737 3.534
4610 104.0 -8.728 3.710
4620 104.0 -8.408 3.300
4430 106.0 -7.708 2.864
4440 106.0 -7.919 2.852
4450 106.0 -7.953 2.845
4460 106.0 -7.844 2.817
4470 106.0 -7.710 2.805
4480 106.0 -7.817 3.078
4490 106.0 -7.783 3.015
4500 106.0 -7.975 3.010
4510 106.0 -7.768 2.870
4520 106.0 -7.925 2.897
4530 106.0 -7.937 3.069
4540 106.0 -7.899 3.082
4550 106.0 -7.970 2.969
4560 106.0 -7.861 3.071
4570 106.0 -7.819 3.048
4580 106.0 -7.839 2.882
4590 106.0 -7.982 2.965
4600 106.0 -7.865 2.900
4610 106.0 -7.957 2.796
4620 106.0 -7.653 3.032
4430 108.0 -9.455 2.442
4440 108.0 -9.382 2.418
4450 108.0 -9.341 2.402
4460 108.0 -9.061 2.282
4470 108.0 -8.777 2.204
4480 108.0 -8.636 2.171
4490 108.0 -8.445 1.892
4500 108.0 -8.078 1.886
4510 108.0 -7.918 1.875
4520 108.0 -7.744 1.867
4530 108.0 -7.466 1.627
4540 108.0 -7.258 1.599
4550 108.0 -6.981 1.523
4560 108.0 -6.624 1.408
4570 108.0 -6.447 1.315
4580 108.0 -6.355 1.258
4590 108.0 -6.051 0.945
4600 108.0 -5.802 0.950
4610 108.0 -5.619 0.843
4620 108.0 -5.405 0.683
4430 110.0 -9.892 2.020
4440 110.0 -9.558 1.752
4450 110.0 -9.486 1.672
4460 110.0 -9.629 1.422
4470 110.0 -9.162 1.657
4480 110.0 -8.749 1.430
4490 110.0 -8.739 1.262
4500 110.0 -8.265 1.254
4510 110.0 -8.345 1.306
4520 110.0 -8.219 1.204
4530 110.0 -7.815 1.030
4540 110.0 -7.731 0.993
4550 110.0 -7.271 1.161
4560 110.0 -6.994 0.801
4570 110.0 -6.751 0.762
4580 110.0 -6.734 0.516
4590 110.0 -6.528 0.624
4600 110.0 -6.280 0.537
4610 110.0 -5.761 0.264
4620 110.0 -5.593 0.328
4570 112.0 0.825 -3.426
4580 112.0 0.384 -3.126
4590 112.0 -0.286 -2.770
4600 112.0 -0.778 -2.505
4610 112.0 -1.338 -2.218
4620 112.0 -1.853 -1.995
4630 112.0 -2.274 -1.711
4640 112.0 -3.069 -1.561
4650 112.0 -3.649 -1.178
4660 112.0 -4.333 -1.102
4670 112.0 -4.917 -0.917
4680 112.0 -5.565 -0.584
4690 112.0 -6.109 -0.228
4700 112.0 -6.564 0.147
4710 112.0 -7.079 0.591
4720 112.0 -7.564 1.136
4730 112.0 -8.138 1.580
4740 112.0 -8.716 2.041
4750 112.0 -9.150 2.515
4760 112.0 -9.761 2.810
4630 105.0 -8.502 3.509
4640 105.0 -8.527 3.644
4650 105.0 -8.573 3.650
4660 105.0 -8.441 3.690
4670 105.0 -8.582 3.550
4680 105.0 -8.537 3.697
4690 105.0 -8.448 3.480
4700 105.0 -8.711 3.427
4710 105.0 -8.589 3.419
4720 105.0 -8.868 3.271
4730 105.0 -8.624 3.607
4740 105.0 -8.795 3.421
4750 105.0 -8.737 3.582
4760 105.0 -8.807 3.382
4770 105.0 -8.754 3.645
4780 105.0 -8.807 3.212
4790 105.0 -8.796 3.426
4800 105.0 -8.814 3.499
4810 105.0 -8.667 3.196
4820 105.0 -8.875 3.436
4630 107.0 -7.715 3.123
4640 107.0 -7.779 2.891
4650 107.0 -7.611 2.922
4660 107.0 -7.630 3.023
4670 107.0 -7.683 3.094
4680 107.0 -7.810 2.748
4690 107.0 -7.571 2.962
4700 107.0 -7.779 3.007
4710 107.0 -7.714 2.936
4720 107.0 -7.796 2.874
4730 107.0 -7.795 3.059
4740 107.0 -7.918 3.003
4750 107.0 -7.846 3.024
4760 107.0 -7.829 2.898
4770 107.0 -7.858 2.928
4780 107.0 -7.820 2.633
4790 107.0 -7.924 2.697
4800 107.0 -7.720 3.002
4810 107.0 -7.850 2.767
4820 107.0 -7.712 2.789
4630 109.0 -5.184 0.587
4640 109.0 -4.907 0.580
4650 109.0 -4.687 0.585
4660 109.0 -4.528 0.352
4670 109.0 -4.480 0.326
4680 109.0 -4.133 0.268
4690 109.0 -3.941 0.107
4700 109.0 -3.851 0.096
4710 109.0 -3.698 -0.018
4720 109.0 -3.624 -0.256
4730 109.0 -3.364 -0.580
4740 109.0 -3.152 -0.220
4750 109.0 -2.750 -0.521
4760 109.0 -2.536 -0.756
4770 109.0 -2.699 -0.980
4780 109.0 -2.204 -0.952
4790 109.0 -1.917 -0.748
4800 109.0 -1.998 -0.920
4810 109.0 -1.851 -1.290
4820 109.0 -1.509 -1.307
4630 111.0 -5.529 0.149
4640 111.0 -5.403 0.108
4650 111.0 -5.372 -0.109
4660 111.0 -4.952 -0.054
4670 111.0 -4.839 -0.282
4680 111.0 -4.747 -0.283
4690 111.0 -4.339 -0.358
4700 111.0 -4.224 -0.509
4710 111.0 -4.002 -0.659
4720 111.0 -3.835 -0.682
4730 111.0 -3.540 -0.883
4740 111.0 -3.317 -0.824
4750 111.0 -3.126 -1.039
4760 111.0 -2.905 -1.065
4770 111.0 -3.069 -1.182
4780 111.0 -2.726 -1.348
4790 111.0 -2.530 -1.364
4800 111.0 -2.210 -1.502
4810 111.0 -2.124 -1.718
4820 111.0 -1.730 -1.953
4690 113.0 -9.395 1.078
4700 113.0 -8.960 0.928
4710 113.0 -8.464 0.603
4720 113.0 -7.972 0.339
4730 113.0 -7.381 -0.005
4740 113.0 -6.701 -0.029
4750 113.0 -6.234 -0.481
4760 113.0 -5.568 -0.387
4770 113.0 -5.123 -0.987
4780 113.0 -4.466 -1.291
4790 113.0 -3.849 -1.682
4800 113.0 -3.265 -2.032
4810 113.0 -2.861 -2.283
4820 113.0 -2.344 -2.576
4830 113.0 -1.886 -2.954
4840 113.0 -1.316 -3.137
4850 113.0 -0.943 -3.590
4860 113.0 -0.684 -3.788
4870 113.0 -0.233 -3.820
4880 113.0 0.305 -4.145
5680 119.0 2.659 -3.137
5690 119.0 2.234 -2.811
5700 119.0 1.669 -2.473
5710 119.0 1.303 -2.138
5720 119.0 0.815 -1.881
5730 119.0 0.257 -1.496
5740 119.0 -0.267 -1.282
5750 119.0 -0.620 -1.145
5760 119.0 -1.147 -0.779
5770 119.0 -1.755 -0.782
5780 119.0 -2.274 -0.303
5790 119.0 -2.985 -0.123
5800 119.0 -3.472 0.093
5810 119.0 -4.138 0.280
5820 119.0 -4.682 0.387
5830 119.0 -5.143 0.523
5840 119.0 -5.691 0.705
5850 119.0 -6.337 0.852
5860 119.0 -7.063 1.065
5870 119.0 -7.590 1.364
5680 120.0 2.589 -2.242
5690 120.0 2.161 -1.909
5700 120.0 1.702 -1.586
5710 120.0 1.148 -1.375
5720 120.0 0.758 -1.054
5730 120.0 0.271 -0.635
5740 120.0 -0.253 -0.524
5750 120.0 -0.660 -0.289
5760 120.0 -1.099 -0.140
5770 120.0 -1.518 0.098
5780 120.0 -2.175 0.380
5790 120.0 -2.827 0.664
5800 120.0 -3.300 0.835
5810 120.0 -3.881 1.029
5820 120.0 -4.458 1.218
5830 120.0 -5.119 1.242
5840 120.0 -5.830 1.469
5850 120.0 -6.257 1.704
5860 120.0 -6.850 1.898
5870 120.0 -7.322 1.937
6790 136.0 -2.635 -1.903
6800 136.0 -2.826 -2.074
6810 136.0 -2.981 -2.007
6820 136.0 -2.993 -2.081
6830 136.0 -3.056 -1.996
6840 136.0 -2.943 -2.185
6850 136.0 -2.795 -1.916
6860 136.0 -2.939 -1.877
6870 136.0 -2.946 -1.927
6880 136.0 -3.031 -1.899
6890 136.0 -3.050 -2.132
6900 136.0 -2.968 -1.832
6910 136.0 -3.120 -1.998
6920 136.0 -2.851 -2.038
6930 136.0 -2.857 -2.172
6940 136.0 -2.878 -1.872
6950 136.0 -2.843 -2.042
6960 136.0 -2.902 -2.057
6970 136.0 -3.039 -1.874
6980 136.0 -3.025 -1.851
6840 138.0 -8.070 2.907
6850 138.0 -7.912 2.906
6860 138.0 -7.940 2.846
6870 138.0 -7.881 2.934
6880 138.0 -7.945 2.889
6890 138.0 -8.056 2.739
6900 138.0 -7.759 2.829
6910 138.0 -7.888 2.936
6920 138.0 -7.781 2.877
6930 138.0 -7.647 2.851
6940 138.0 -7.925 2.873
6950 138.0 -7.936 2.745
6960 138.0 -8.020 3.098
6970 138.0 -7.882 2.980
6980 138.0 -7.723 2.976
6990 138.0 -7.902 2.969
7000 138.0 -8.068 2.858
7010 138.0 -7.852 2.904
7020 138.0 -8.114 2.906
7030 138.0 -7.948 2.670
6840 140.0 -9.127 3.735
6850 140.0 -8.853 3.581
6860 140.0 -8.616 3.498
6870 140.0 -8.666 3.500
6880 140.0 -8.689 3.445
6890 140.0 -8.749 3.545
6900 140.0 -8.683 3.601
6910 140.0 -8.556 3.713
6920 140.0 -8.481 3.501
6930 140.0 -8.752 3.610
6940 140.0 -8.634 3.253
6950 140.0 -8.799 3.553
6960 140.0 -8.941 3.492
6970 140.0 -8.520 3.645
6980 140.0 -8.520 3.767
6990 140.0 -8.696 3.629
7000 140.0 -8.762 3.262
7010 140.0 -8.807 3.743
7020 140.0 -8.868 3.371
7030 140.0 -8.613 3.589
6890 142.0 -8.436 4.234
6900 142.0 -8.059 3.930
6910 142.0 -7.587 3.766
6920 142.0 -7.348 3.283
6930 142.0 -6.937 2.898
6940 142.0 -6.731 2.502
6950 142.0 -6.411 2.166
6960 142.0 -5.895 1.850
6970 142.0 -5.304 1.536
6980 142.0 -5.041 1.269
6990 142.0 -4.496 1.003
7000 142.0 -3.896 0.604
7010 142.0 -3.403 0.336
7020 142.0 -2.952 0.264
7030 142.0 -2.406 -0.185
7040 142.0 -2.082 -0.441
7050 142.0 -1.702 -0.590
7060 142.0 -1.186 -0.965
7070 142.0 -0.885 -1.162
7080 142.0 -0.306 -1.471
6890 143.0 -8.095 4.413
6900 143.0 -7.638 4.330
6910 143.0 -7.184 4.108
6920 143.0 -6.959 3.700
6930 143.0 -6.598 3.277
6940 143.0 -5.960 2.824
6950 143.0 -5.841 2.737
6960 143.0 -5.441 2.470
6970 143.0 -4.805 2.082
6980 143.0 -4.593 1.794
6990 143.0 -4.078 1.604
7000 143.0 -3.543 1.130
7010 143.0 -3.172 0.784
7020 143.0 -2.754 0.602
7030 143.0 -2.302 0.363
7040 143.0 -1.797 0.246
7050 143.0 -1.419 -0.040
7060 143.0 -0.963 -0.279
7070 143.0 -0.476 -0.500
7080 143.0 -0.062 -0.879
6890 144.0 -5.973 3.450
6900 144.0 -5.907 3.468
6910 144.0 -6.094 3.414
6920 144.0 -5.687 3.494
6930 144.0 -6.095 3.809
6940 144.0 -5.922 3.413
6950 144.0 -5.738 3.752
6960 144.0 -5.593 3.595
6970 144.0 -5.897 3.543
6980 144.0 -5.690 3.829
6990 144.0 -5.768 3.625
7000 144.0 -6.021 3.686
7010 144.0 -5.887 3.709
7020 144.0 -5.878 3.637
7030 144.0 -6.027 3.657
7040 144.0 -5.861 3.560
7050 144.0 -5.861 3.747
7060 144.0 -5.915 3.691
7070 144.0 -5.952 3.454
7080 144.0 -5.672 3.572
6970 145.0 1.372 -3.807
6980 145.0 0.934 -3.305
6990 145.0 0.332 -3.112
7000 145.0 -0.186 -2.967
7010 145.0 -0.385 -2.787
7020 145.0 -1.211 -2.504
7030 145.0 -1.800 -2.146
7040 145.0 -1.540 -2.144
7050 145.0 -2.233 -1.257
7060 145.0 -2.051 -0.953
7070 145.0 -2.631 -0.538
7080 145.0 -3.046 -0.507
7090 145.0 -3.618 -0.158
7100 145.0 -4.307 -0.237
7110 145.0 -4.771 0.217
7120 145.0 -5.628 0.676
7130 145.0 -5.993 0.541
7140 145.0 -6.467 0.869
7150 145.0 -7.401 1.194
7160 145.0 -7.793 1.492
7030 150.0 -2.847 -1.791
7040 150.0 -2.978 -1.715
7050 150.0 -3.217 -1.678
7060 150.0 -3.188 -1.322
7070 150.0 -3.279 -1.015
7080 150.0 -3.387 -0.842
7090 150.0 -3.329 -0.895
7100 150.0 -3.433 -0.785
7110 150.0 -3.436 -0.807
7120 150.0 -3.534 -0.430
7130 150.0 -3.521 -0.227
7140 150.0 -3.559 0.042
7150 150.0 -3.588 0.371
7160 150.0 -3.631 0.770
7170 150.0 -3.568 0.925
7180 150.0 -3.595 1.255
7190 150.0 -3.510 1.466
7200 150.0 -3.480 1.552
7210 150.0 -3.462 1.900
7220 150.0 -3.509 2.147
7040 139.0 -7.768 2.816
7050 139.0 -7.898 2.982
7060 139.0 -7.930 3.093
7070 139.0 -8.007 2.758
7080 139.0 -7.732 2.993
7090 139.0 -7.783 3.014
7100 139.0 -7.814 2.925
7110 139.0 -7.741 2.885
7120 139.0 -7.733 2.970
7130 139.0 -7.990 2.833
7140 139.0 -7.779 2.983
7150 139.0 -7.844 3.031
7160 139.0 -7.929 2.879
7170 139.0 -7.770 2.907
7180 139.0 -7.893 2.755
7190 139.0 -7.915 2.925
7200 139.0 -8.011 2.775
7210 139.0 -7.676 2.860
7220 139.0 -8.047 2.754
7230 139.0 -7.979 2.948
7040 141.0 -8.712 3.469
7050 141.0 -8.830 3.591
7060 141.0 -8.855 3.551
7070 141.0 -8.782 3.381
7080 141.0 -8.883 3.576
7090 141.0 -8.722 3.450
7100 141.0 -8.709 3.497
7110 141.0 -8.970 3.446
7120 141.0 -8.637 3.560
7130 141.0 -8.729 3.331
7140 141.0 -8.612 3.442
7150 141.0 -8.796 3.497
7160 141.0 -8.771 3.442
7170 141.0 -8.645 3.535
7180 141.0 -8.673 3.454
7190 141.0 -8.757 3.529
7200 141.0 -8.690 3.469
7210 141.0 -8.639 3.651
7220 141.0 -8.544 3.561
7230 141.0 -8.842 3.637
7480 156.0 -8.837 3.552
7490 156.0 -8.334 3.066
7500 156.0 -7.840 2.865
7510 156.0 -7.005 2.701
7520 156.0 -6.572 2.166
7530 156.0 -5.978 1.793
7540 156.0 -5.381 1.631
7550 156.0 -4.842 1.041
7560 156.0 -3.996 0.633
7570 156.0 -3.620 0.377
7580 156.0 -2.750 0.072
7590 156.0 -2.053 -0.467
7600 156.0 -1.762 -0.448
7610 156.0 -0.990 -0.905
7620 156.0 -0.562 -1.406
7630 156.0 0.013 -1.392
7640 156.0 0.589 -1.802
7650 156.0 1.151 -1.886
7660 156.0 1.724 -2.248
7670 156.0 2.194 -2.616
7480 157.0 -9.157 2.536
7490 157.0 -8.647 2.258
7500 157.0 -8.141 2.299
7510 157.0 -7.220 1.967
7520 157.0 -6.831 1.394
7530 157.0 -6.220 1.070
7540 157.0 -5.578 0.896
7550 157.0 -5.090 0.505
7560 157.0 -4.544 0.166
7570 157.0 -3.978 -0.126
7580 157.0 -3.257 -0.722
7590 157.0 -2.386 -0.619
7600 157.0 -1.991 -1.224
7610 157.0 -1.526 -1.253
7620 157.0 -0.876 -1.980
7630 157.0 -0.297 -2.064
7640 157.0 0.378 -2.395
7650 157.0 0.809 -2.711
7660 157.0 1.410 -2.836
7670 157.0 1.955 -3.084
9260 174.0 1.074 -1.652
9270 174.0 0.634 -1.413
9280 174.0 0.244 -1.213
9290 174.0 -0.419 -0.929
9300 174.0 -0.650 -0.671
9310 174.0 -1.138 -0.424
9320 174.0 -1.592 -0.209
9330 174.0 -2.187 -0.115
9340 174.0 -2.517 0.257
9350 174.0 -2.958 0.508
9360 174.0 -3.353 0.789
9370 174.0 -3.843 1.183
9380 174.0 -4.400 1.407
9390 174.0 -5.052 1.677
9400 174.0 -5.266 1.963
9410 174.0 -5.730 2.118
9420 174.0 -6.203 2.351
9430 174.0 -6.763 2.543
9440 174.0 -7.041 3.044
9450 174.0 -7.379 3.492
9260 175.0 0.822 -2.347
9270 175.0 0.507 -2.157
9280 175.0 0.054 -1.959
9290 175.0 -0.343 -1.703
9300 175.0 -0.718 -1.474
9310 175.0 -1.259 -1.211
9320 175.0 -1.716 -0.905
9330 175.0 -2.132 -0.702
9340 175.0 -2.660 -0.331
9350 175.0 -3.024 -0.232
9360 175.0 -3.705 -0.036
9370 175.0 -4.049 0.256
9380 175.0 -4.626 0.422
9390 175.0 -5.060 0.829
9400 175.0 -5.466 1.219
9410 175.0 -5.708 1.456
9420 175.0 -6.118 1.861
9430 175.0 -6.476 2.088
9440 175.0 -6.944 2.434
9450 175.0 -7.201 2.629
9370 180.0 -5.223 4.162
9380 180.0 -5.288 4.234
9390 180.0 -5.351 4.235
9400 180.0 -5.314 4.322
9410 180.0 -5.356 4.158
9420 180.0 -5.446 4.370
9430 180.0 -5.214 4.416
9440 180.0 -5.188 4.414
9450 180.0 -5.436 4.277
9460 180.0 -5.152 4.327
9470 180.0 -5.263 4.272
9480 180.0 -5.200 4.306
9490 180.0 -5.361 4.190
9500 180.0 -5.352 4.381
9510 180.0 -5.117 4.305
9520 180.0 -5.300 4.294
9530 180.0 -5.219 4.143
9540 180.0 -5.400 4.367
9550 180.0 -5.345 4.251
9560 180.0 -5.180 4.373
9400 183.0 -9.016 3.887
9410 183.0 -8.793 3.858
9420 183.0 -8.173 3.150
9430 183.0 -7.945 2.533
9440 183.0 -7.153 2.622
9450 183.0 -6.772 2.211
9460 183.0 -6.455 1.807
9470 183.0 -5.917 1.376
9480 183.0 -5.409 1.000
9490 183.0 -5.331 0.588
9500 183.0 -4.626 0.248
9510 183.0 -4.196 -0.038
9520 183.0 -3.543 -0.291
9530 183.0 -2.854 -0.679
9540 183.0 -2.342 -0.982
9550 183.0 -2.139 -1.597
9560 183.0 -1.258 -1.843
9570 183.0 -0.856 -2.030
9580 183.0 -0.088 -2.459
9590 183.0 0.725 -2.440
9400 184.0 -9.219 3.368
9410 184.0 -8.765 2.914
9420 184.0 -8.379 2.371
9430 184.0 -7.997 2.211
9440 184.0 -7.223 1.539
9450 184.0 -6.839 1.306
9460 184.0 -6.440 0.936
9470 184.0 -5.729 0.614
9480 184.0 -5.330 0.339
9490 184.0 -4.925 -0.134
9500 184.0 -4.767 -0.471
9510 184.0 -4.176 -0.620
9520 184.0 -3.465 -1.180
9530 184.0 -3.079 -1.580
9540 184.0 -2.231 -1.904
9550 184.0 -1.783 -2.262
9560 184.0 -1.167 -2.480
9570 184.0 -0.660 -2.506
9580 184.0 0.014 -3.303
9590 184.0 0.293 -3.530
9410 185.0 -0.513 1.274
9420 185.0 -0.328 1.058
9430 185.0 -0.291 1.385
9440 185.0 -0.251 1.320
9450 185.0 -0.311 1.616
9460 185.0 -0.611 1.353
9470 185.0 -0.510 1.387
9480 185.0 -0.198 1.447
9490 185.0 -0.448 1.361
9500 185.0 -0.324 1.202
9510 185.0 -0.202 1.300
9520 185.0 -0.348 1.006
9530 185.0 -0.610 1.438
9540 185.0 -0.128 0.934
9550 185.0 -0.470 1.328
9560 185.0 -0.294 1.289
9570 185.0 -0.460 1.265
9580 185.0 -0.606 1.378
9590 185.0 -0.335 1.135
9600 185.0 -0.597 1.477
9420 187.0 1.506 -2.883
9430 187.0 0.884 -2.526
9440 187.0 0.350 -2.366
9450 187.0 -0.236 -2.127
9460 187.0 -0.700 -1.756
9470 187.0 -1.167 -1.585
9480 187.0 -1.785 -1.072
9490 187.0 -2.127 -0.632
9500 187.0 -2.729 -0.279
9510 187.0 -3.263 0.026
9520 187.0 -3.824 0.468
9530 187.0 -4.286 0.897
9540 187.0 -5.027 1.267
9550 187.0 -5.575 1.692
9560 187.0 -6.057 2.030
9570 187.0 -6.556 2.400
9580 187.0 -7.301 2.726
9590 187.0 -7.804 3.056
9600 187.0 -8.321 3.330
9610 187.0 -9.078 3.635
9460 192.0 2.392 -3.699
9470 192.0 1.670 -3.459
9480 192.0 1.179 -3.135
9490 192.0 0.634 -2.822
9500 192.0 -0.000 -2.527
9510 192.0 -0.513 -1.968
9520 192.0 -0.861 -1.585
9530 192.0 -1.366 -1.217
9540 192.0 -1.989 -0.732
9550 192.0 -2.683 -0.339
9560 192.0 -2.932 -0.130
9570 192.0 -3.444 0.257
9580 192.0 -4.130 0.735
9590 192.0 -4.593 1.065
9600 192.0 -5.199 1.447
9610 192.0 -5.802 1.477
9620 192.0 -6.315 1.807
9630 192.0 -6.887 2.326
9640 192.0 -7.696 2.499
9650 192.0 -8.378 2.775
9500 194.0 -8.439 2.847
9510 194.0 -7.990 2.611
9520 194.0 -7.793 2.282
9530 194.0 -7.227 1.868
9540 194.0 -6.628 1.591
9550 194.0 -6.094 1.352
9560 194.0 -5.650 0.956
9570 194.0 -5.029 0.531
9580 194.0 -4.859 0.260
9590 194.0 -4.332 -0.239
9600 194.0 -3.821 -0.219
9610 194.0 -3.111 -0.599
9620 194.0 -2.677 -0.985
9630 194.0 -2.318 -1.194
9640 194.0 -1.707 -1.087
9650 194.0 -1.061 -1.686
9660 194.0 -0.561 -1.749
9670 194.0 -0.112 -1.989
9680 194.0 0.163 -2.125
9690 194.0 0.757 -2.364
9500 195.0 -8.993 2.663
9510 195.0 -8.650 2.179
9520 195.0 -8.015 1.996
9530 195.0 -7.739 1.605
9540 195.0 -7.244 1.302
9550 195.0 -6.577 0.948
9560 195.0 -6.035 0.554
9570 195.0 -5.608 0.299
9580 195.0 -5.113 -0.022
9590 195.0 -4.685 -0.215
9600 195.0 -4.179 -0.602
9610 195.0 -3.680 -0.728
9620 195.0 -2.966 -1.050
9630 195.0 -2.493 -1.298
9640 195.0 -2.072 -1.740
9650 195.0 -1.500 -1.907
9660 195.0 -1.060 -2.212
9670 195.0 -0.648 -2.307
9680 195.0 -0.040 -2.668
9690 195.0 0.642 -2.926
9500 196.0 2.280 -3.955
9510 196.0 1.875 -3.432
9520 196.0 1.430 -3.260
9530 196.0 0.603 -2.849
9540 196.0 0.503 -2.422
9550 196.0 -0.009 -2.074
9560 196.0 -0.623 -1.505
9570 196.0 -0.773 -1.196
9580 196.0 -1.382 -0.800
9590 196.0 -1.909 -0.464
9600 196.0 -2.695 -0.100
9610 196.0 -2.734 0.371
9620 196.0 -3.370 0.658
9630 196.0 -4.186 1.108
9640 196.0 -4.726 1.229
9650 196.0 -5.331 1.372
9660 196.0 -5.840 1.657
9670 196.0 -6.300 2.113
9680 196.0 -6.988 2.587
9690 196.0 -7.437 2.658
9510 199.0 -2.326 2.960
9520 199.0 -2.429 2.989
9530 199.0 -2.468 2.767
9540 199.0 -2.569 2.670
9550 199.0 -2.756 2.721
9560 199.0 -2.834 2.506
9570 199.0 -2.968 2.329
9580 199.0 -3.174 2.439
9590 199.0 -3.402 2.271
9600 199.0 -3.487 2.364
9610 199.0 -3.450 2.353
9620 199.0 -3.456 2.477
9630 199.0 -3.791 2.121
9640 199.0 -3.845 2.138
9650 199.0 -3.698 2.247
9660 199.0 -3.785 2.303
9670 199.0 -3.803 2.222
9680 199.0 -3.422 2.116
9690 199.0 -3.595 2.249
9700 199.0 -3.454 2.265
9550 200.0 -9.336 3.143
9560 200.0 -8.969 3.011
9570 200.0 -8.550 2.618
9580 200.0 -8.232 2.220
9590 200.0 -7.619 1.996
9600 200.0 -7.118 1.699
9610 200.0 -6.637 1.392
9620 200.0 -6.205 1.189
9630 200.0 -5.642 0.758
9640 200.0 -5.167 0.496
9650 200.0 -4.590 0.314
9660 200.0 -4.070 0.071
9670 200.0 -3.427 -0.178
9680 200.0 -3.082 -0.402
9690 200.0 -2.434 -0.565
9700 200.0 -2.003 -0.921
9710 200.0 -1.550 -1.173
9720 200.0 -1.213 -1.508
9730 200.0 -0.601 -1.747
9740 200.0 -0.172 -2.016
9550 201.0 -9.943 2.511
9560 201.0 -9.300 2.140
9570 201.0 -8.967 2.120
9580 201.0 -8.745 1.702
9590 201.0 -8.118 1.280
9600 201.0 -7.837 1.288
9610 201.0 -6.841 0.681
9620 201.0 -6.861 0.656
9630 201.0 -5.947 0.140
9640 201.0 -5.647 0.075
9650 201.0 -4.957 -0.189
9660 201.0 -4.290 -0.364
9670 201.0 -3.928 -0.500
9680 201.0 -3.485 -0.887
9690 201.0 -2.905 -1.237
9700 201.0 -2.623 -1.700
9710 201.0 -1.966 -1.972
9720 201.0 -1.552 -2.042
9730 201.0 -1.142 -2.275
9740 201.0 -0.847 -2.544
9570 181.0 -5.239 4.109
9580 181.0 -5.276 4.437
9590 181.0 -5.466 4.103
9600 181.0 -5.112 4.235
9610 181.0 -5.222 4.345
9620 181.0 -5.078 4.221
9630 181.0 -5.349 4.315
9640 181.0 -5.129 4.241
9650 181.0 -5.266 4.409
9660 181.0 -5.314 4.443
9670 181.0 -5.309 4.122
9680 181.0 -5.357 4.522
9690 181.0 -5.260 4.439
9700 181.0 -5.352 4.526
9710 181.0 -5.164 4.171
9720 181.0 -5.363 4.229
9730 181.0 -5.334 4.340
9740 181.0 -5.239 4.280
9750 181.0 -5.394 4.163
9760 181.0 -5.183 4.368
9590 203.0 2.958 -2.883
9600 203.0 2.561 -2.740
9610 203.0 2.166 -2.430
9620 203.0 1.863 -2.166
9630 203.0 1.403 -1.963
9640 203.0 1.029 -1.530
9650 203.0 0.612 -1.291
9660 203.0 0.275 -1.122
9670 203.0 -0.178 -0.734
9680 203.0 -0.650 -0.178
9690 203.0 -1.037 -0.048
9700 203.0 -1.715 0.132
9710 203.0 -2.342 0.271
9720 203.0 -2.704 0.766
9730 203.0 -3.246 0.860
9740 203.0 -3.708 1.020
9750 203.0 -4.335 1.312
9760 203.0 -4.876 1.558
9770 203.0 -5.366 1.810
9780 203.0 -5.899 2.185
9610 186.0 -0.458 1.408
9620 186.0 -0.386 1.150
9630 186.0 -0.524 1.443
9640 186.0 -0.579 1.435
9650 186.0 -0.462 1.414
9660 186.0 -0.607 1.386
9670 186.0 -0.435 1.335
9680 186.0 -0.542 1.357
9690 186.0 -0.458 1.245
9700 186.0 -0.366 1.239
9710 186.0 -0.431 1.295
9720 186.0 -0.613 1.410
9730 186.0 -0.537 1.262
9740 186.0 -0.535 1.304
9750 186.0 -0.399 1.328
9760 186.0 -0.515 1.328
9770 186.0 -0.465 1.567
9780 186.0 -0.367 1.269
9790 186.0 -0.465 1.366
9800 186.0 -0.463 1.314
9610 204.0 -5.131 3.094
9620 204.0 -5.044 2.938
9630 204.0 -4.986 3.306
9640 204.0 -4.967 3.492
9650 204.0 -4.684 3.761
9660 204.0 -4.591 3.777
9670 204.0 -4.463 3.970
9680 204.0 -4.199 4.041
9690 204.0 -4.135 4.144
9700 204.0 -4.143 4.064
9710 204.0 -4.242 4.198
9720 204.0 -4.174 3.923
9730 204.0 -4.346 4.188
9740 204.0 -4.249 4.113
9750 204.0 -4.339 4.090
9760 204.0 -4.109 4.083
9770 204.0 -4.257 4.142
9780 204.0 -4.191 4.144
9790 204.0 -4.163 4.039
9800 204.0 -4.129 4.103
9660 206.0 2.724 -3.048
9670 206.0 2.434 -2.852
9680 206.0 2.087 -2.489
9690 206.0 1.625 -2.222
9700 206.0 1.070 -1.903
9710 206.0 0.532 -1.577
9720 206.0 0.059 -1.373
9730 206.0 -0.648 -0.907
9740 206.0 -1.067 -0.816
9750 206.0 -1.673 -0.510
9760 206.0 -2.408 -0.319
9770 206.0 -2.844 -0.230
9780 206.0 -3.414 0.038
9790 206.0 -4.025 0.193
9800 206.0 -4.712 0.359
9810 206.0 -5.443 0.473
9820 206.0 -5.979 0.519
9830 206.0 -6.607 0.429
9840 206.0 -7.235 0.300
9850 206.0 -8.201 0.087
9770 182.0 -5.276 4.305
9780 182.0 -5.397 4.194
9790 182.0 -5.334 4.332
9800 182.0 -5.250 4.382
9810 182.0 -5.309 4.381
9820 182.0 -5.188 4.369
9830 182.0 -5.169 4.126
9840 182.0 -5.174 4.212
9850 182.0 -5.217 4.349
9860 182.0 -5.250 4.273
9870 182.0 -5.259 4.286
9880 182.0 -5.359 4.296
9890 182.0 -5.406 4.240
9900 182.0 -5.333 4.299
9910 182.0 -5.185 4.341
9920 182.0 -5.184 4.273
9930 182.0 -5.169 4.345
9940 182.0 -5.298 4.222
9950 182.0 -5.227 4.342
9960 182.0 -5.351 4.476
10050 222.0 -0.247 1.207
10060 222.0 -0.422 1.496
10070 222.0 -0.580 1.307
10080 222.0 -0.694 1.447
10090 222.0 -0.582 1.605
10100 222.0 -0.402 1.468
10110 222.0 -0.427 1.530
10120 222.0 -0.469 1.362
10130 222.0 -0.316 1.388
10140 222.0 -0.281 1.634
10150 222.0 -0.281 1.506
10160 222.0 -0.326 1.494
10170 222.0 -0.462 1.555
10180 222.0 -0.171 1.502
10190 222.0 -0.283 1.520
10200 222.0 -0.279 1.630
10210 222.0 -0.477 1.498
10220 222.0 -0.421 1.734
10230 222.0 -0.515 1.879
10240 222.0 -0.466 1.816
10060 223.0 2.805 -3.156
10070 223.0 2.548 -3.021
10080 223.0 1.997 -2.937
10090 223.0 1.451 -2.567
10100 223.0 1.336 -2.606
10110 223.0 0.897 -2.597
10120 223.0 0.403 -2.236
10130 223.0 -0.006 -1.948
10140 223.0 -0.345 -1.691
10150 223.0 -0.831 -1.745
10160 223.0 -1.229 -1.199
10170 223.0 -1.461 -1.111
10180 223.0 -1.736 -0.699
10190 223.0 -2.569 -0.571
10200 223.0 -3.032 -0.060
10210 223.0 -3.336 -0.152
10220 223.0 -3.361 -0.202
10230 223.0 -4.175 -0.035
10240 223.0 -4.454 0.288
10250 223.0 -4.941 0.734
10070 224.0 3.235 -2.548
10080 224.0 3.130 -2.390
10090 224.0 2.648 -2.558
10100 224.0 2.265 -2.066
10110 224.0 2.021 -1.919
10120 224.0 1.359 -1.617
10130 224.0 1.066 -1.727
10140 224.0 0.628 -1.293
10150 224.0 0.249 -1.171
10160 224.0 -0.112 -1.086
10170 224.0 -0.651 -0.739
10180 224.0 -1.268 -0.504
10190 224.0 -1.428 -0.604
10200 224.0 -2.156 -0.009
10210 224.0 -2.364 0.231
10220 224.0 -3.130 -0.165
10230 224.0 -3.525 0.258
10240 224.0 -3.687 0.376
10250 224.0 -4.399 0.594
10260 224.0 -4.597 1.036
10080 226.0 -9.456 3.575
10090 226.0 -9.087 3.221
10100 226.0 -8.521 3.032
10110 226.0 -8.246 2.913
10120 226.0 -7.745 2.603
10130 226.0 -7.243 2.429
10140 226.0 -6.831 2.296
10150 226.0 -6.326 2.042
10160 226.0 -5.870 1.922
10170 226.0 -5.337 1.585
10180 226.0 -4.915 1.358
10190 226.0 -4.480 1.361
10200 226.0 -4.037 0.948
10210 226.0 -3.534 0.984
10220 226.0 -3.236 0.857
10230 226.0 -2.847 0.689
10240 226.0 -2.183 0.548
10250 226.0 -1.808 0.303
10260 226.0 -1.437 -0.017
10270 226.0 -1.033 -0.286
10110 227.0 2.514 -3.407
10120 227.0 1.968 -3.196
10130 227.0 1.368 -3.029
10140 227.0 0.996 -2.907
10150 227.0 0.577 -2.769
10160 227.0 0.173 -2.305
10170 227.0 -0.251 -2.108
10180 227.0 -0.698 -1.880
10190 227.0 -0.967 -1.657
10200 227.0 -1.331 -1.404
10210 227.0 -1.877 -1.166
10220 227.0 -2.352 -1.046
10230 227.0 -2.835 -0.834
10240 227.0 -3.255 -0.607
10250 227.0 -3.608 -0.370
10260 227.0 -3.922 -0.164
10270 227.0 -4.303 0.039
10280 227.0 -4.642 0.355
10290 227.0 -4.966 0.588
10300 227.0 -5.509 0.843
10260 230.0 -8.944 4.018
10270 230.0 -8.291 3.708
10280 230.0 -7.736 3.652
10290 230.0 -7.484 3.777
10300 230.0 -6.569 3.253
10310 230.0 -6.316 3.254
10320 230.0 -5.642 2.626
10330 230.0 -5.013 2.550
10340 230.0 -4.744 1.867
10350 230.0 -4.202 2.319
10360 230.0 -3.729 1.351
10370 230.0 -3.357 0.926
10380 230.0 -2.707 0.902
10390 230.0 -2.519 0.091
10400 230.0 -2.192 -0.184
10410 230.0 -1.540 -0.101
10420 230.0 -1.072 -0.583
10430 230.0 -0.655 -1.023
10440 230.0 -0.148 -1.521
10450 230.0 0.204 -1.755
10260 231.0 -9.489 2.366
10270 231.0 -9.368 2.105
10280 231.0 -9.043 1.868
10290 231.0 -8.789 1.692
10300 231.0 -8.225 1.168
10310 231.0 -7.979 1.092
10320 231.0 -7.712 0.906
10330 231.0 -7.378 0.574
10340 231.0 -7.083 0.487
10350 231.0 -6.647 0.246
10360 231.0 -6.331 0.184
10370 231.0 -6.042 -0.077
10380 231.0 -5.700 -0.214
10390 231.0 -5.289 -0.348
10400 231.0 -5.130 -0.673
10410 231.0 -4.759 -0.704
10420 231.0 -4.437 -0.935
10430 231.0 -4.166 -1.097
10440 231.0 -3.948 -1.364
10450 231.0 -3.576 -1.566
10260 232.0 -10.297 2.043
10270 232.0 -9.924 1.939
10280 232.0 -9.842 1.804
10290 232.0 -9.308 1.363
10300 232.0 -9.038 1.119
10310 232.0 -8.531 0.835
10320 232.0 -8.278 0.459
10330 232.0 -8.334 0.328
10340 232.0 -7.655 0.452
10350 232.0 -7.084 -0.011
10360 232.0 -6.720 -0.537
10370 232.0 -6.389 -0.580
10380 232.0 -5.969 -0.760
10390 232.0 -5.893 -0.817
10400 232.0 -5.678 -0.936
10410 232.0 -5.213 -1.162
10420 232.0 -5.133 -1.162
10430 232.0 -4.447 -1.521
10440 232.0 -4.516 -1.518
10450 232.0 -3.767 -2.041
10260 233.0 -5.350 4.193
10270 233.0 -5.341 4.249
10280 233.0 -5.231 4.573
10290 233.0 -5.273 4.426
10300 233.0 -5.341 4.413
10310 233.0 -5.335 4.197
10320 233.0 -5.328 4.370
10330 233.0 -5.449 4.231
10340 233.0 -5.276 4.283
10350 233.0 -5.461 4.377
10360 233.0 -5.406 4.463
10370 233.0 -5.158 4.489
10380 233.0 -5.199 4.463
10390 233.0 -5.439 4.549
10400 233.0 -5.352 4.235
10410 233.0 -5.239 4.270
10420 233.0 -5.420 4.388
10430 233.0 -5.272 4.338
10440 233.0 -5.464 4.362
10450 233.0 -5.350 4.338
10370 235.0 -10.201 1.087
10380 235.0 -9.717 1.113
10390 235.0 -9.583 0.788
10400 235.0 -9.015 0.476
10410 235.0 -8.817 0.514
10420 235.0 -8.436 0.516
10430 235.0 -8.156 0.067
10440 235.0 -7.774 0.182
10450 235.0 -7.597 -0.099
10460 235.0 -7.314 -0.311
10470 235.0 -7.034 -0.505
10480 235.0 -6.502 -0.496
10490 235.0 -6.345 -0.730
10500 235.0 -5.901 -1.041
10510 235.0 -5.387 -1.237
10520 235.0 -5.227 -1.493
10530 235.0 -4.712 -1.705
10540 235.0 -4.400 -1.747
10550 235.0 -4.223 -1.902
10560 235.0 -3.800 -2.383
10370 236.0 -9.963 1.812
10380 236.0 -9.434 1.576
10390 236.0 -9.327 1.493
10400 236.0 -8.963 1.354
10410 236.0 -8.687 1.132
10420 236.0 -8.238 0.953
10430 236.0 -7.944 0.950
10440 236.0 -7.532 0.408
10450 236.0 -7.280 0.456
10460 236.0 -6.852 0.268
10470 236.0 -6.531 -0.008
10480 236.0 -6.277 -0.096
10490 236.0 -5.941 -0.286
10500 236.0 -5.587 -0.356
10510 236.0 -5.160 -0.482
10520 236.0 -4.907 -0.765
10530 236.0 -4.536 -0.876
10540 236.0 -4.167 -1.132
10550 236.0 -3.742 -1.388
10560 236.0 -3.542 -1.334
10520 240.0 -9.496 1.692
10530 240.0 -8.895 1.486
10540 240.0 -8.223 1.088
10550 240.0 -7.614 1.128
10560 240.0 -7.281 0.477
10570 240.0 -6.581 0.489
10580 240.0 -5.953 0.135
10590 240.0 -5.373 -0.228
10600 240.0 -5.083 -0.369
10610 240.0 -4.584 -0.667
10620 240.0 -3.991 -1.204
10630 240.0 -3.406 -1.220
10640 240.0 -2.992 -1.458
10650 240.0 -2.243 -1.694
10660 240.0 -2.140 -2.101
10670 240.0 -1.545 -2.282
10680 240.0 -1.332 -2.463
10690 240.0 -0.542 -2.803
10700 240.0 -0.287 -2.868
10710 240.0 0.258 -2.927
10710 254.0 -9.980 2.422
10720 254.0 -9.333 2.239
10730 254.0 -8.804 2.010
10740 254.0 -8.191 1.461
10750 254.0 -7.716 1.227
10760 254.0 -7.040 0.876
10770 254.0 -6.487 0.538
10780 254.0 -6.010 0.264
10790 254.0 -5.479 -0.139
10800 254.0 -4.788 -0.547
10810 254.0 -4.309 -0.927
10820 254.0 -3.893 -1.318
10830 254.0 -3.320 -1.685
10840 254.0 -2.805 -1.831
10850 254.0 -2.158 -2.196
10860 254.0 -1.520 -2.381
10870 254.0 -1.048 -2.680
10880 254.0 -0.278 -2.783
10890 254.0 0.103 -3.057
10900 254.0 0.695 -3.371
10850 259.0 0.715 -4.263
10860 259.0 0.355 -4.216
10870 259.0 -0.057 -3.971
10880 259.0 -0.687 -3.535
10890 259.0 -1.308 -3.525
10900 259.0 -1.315 -3.231
10910 259.0 -2.134 -2.872
10920 259.0 -2.542 -2.613
10930 259.0 -3.014 -2.098
10940 259.0 -3.642 -1.752
10950 259.0 -4.201 -1.829
10960 259.0 -4.890 -1.430
10970 259.0 -5.160 -0.866
10980 259.0 -5.538 -0.583
10990 259.0 -6.028 0.001
11000 259.0 -6.435 0.417
11010 259.0 -6.868 0.768
11020 259.0 -7.247 1.165
11030 259.0 -8.262 1.537
11040 259.0 -8.474 1.841
10900 261.0 2.816 -3.067
10910 261.0 2.125 -2.878
10920 261.0 1.555 -2.569
10930 261.0 1.137 -2.424
10940 261.0 0.437 -2.124
10950 261.0 -0.186 -1.997
10960 261.0 -0.766 -1.875
10970 261.0 -1.298 -1.670
10980 261.0 -1.730 -1.313
10990 261.0 -2.475 -1.003
11000 261.0 -2.828 -0.793
11010 261.0 -3.580 -0.392
11020 261.0 -4.117 0.104
11030 261.0 -4.659 0.403
11040 261.0 -5.523 0.631
11050 261.0 -5.930 1.056
11060 261.0 -6.510 1.169
11070 261.0 -7.049 1.625
11080 261.0 -7.589 2.159
11090 261.0 -8.040 2.431
11000 262.0 -9.910 1.859
11010 262.0 -9.443 1.429
11020 262.0 -9.045 1.031
11030 262.0 -8.253 0.875
11040 262.0 -7.874 0.633
11050 262.0 -7.310 0.305
11060 262.0 -6.673 -0.051
11070 262.0 -5.929 -0.110
11080 262.0 -5.766 -0.352
11090 262.0 -5.067 -0.877
11100 262.0 -4.490 -0.873
11110 262.0 -4.175 -1.452
11120 262.0 -3.559 -1.624
11130 262.0 -2.912 -2.018
11140 262.0 -2.342 -2.352
11150 262.0 -1.994 -2.739
11160 262.0 -1.190 -3.017
11170 262.0 -0.959 -3.360
11180 262.0 -0.172 -3.519
11190 262.0 0.173 -3.742
11010 263.0 -9.386 4.100
11020 263.0 -8.897 3.709
11030 263.0 -8.378 3.386
11040 263.0 -7.827 2.897
11050 263.0 -7.199 2.658
11060 263.0 -6.633 2.319
11070 263.0 -6.080 1.822
11080 263.0 -5.548 1.413
11090 263.0 -5.150 0.986
11100 263.0 -4.606 0.500
11110 263.0 -4.181 0.175
11120 263.0 -3.681 -0.185
11130 263.0 -3.226 -0.836
11140 263.0 -2.748 -1.227
11150 263.0 -2.141 -1.656
11160 263.0 -1.600 -2.034
11170 263.0 -1.161 -2.265
11180 263.0 -0.533 -2.503
11190 263.0 0.227 -2.916
11200 263.0 0.611 -3.254
11150 264.0 2.182 -3.222
11160 264.0 1.416 -3.037
11170 264.0 0.811 -2.438
11180 264.0 0.601 -2.315
11190 264.0 0.183 -1.820
11200 264.0 -0.308 -1.611
11210 264.0 -0.883 -1.025
11220 264.0 -1.591 -0.745
11230 264.0 -2.081 -0.661
11240 264.0 -2.665 -0.387
11250 264.0 -2.995 0.028
11260 264.0 -3.648 -0.111
11270 264.0 -4.258 0.480
11280 264.0 -4.677 0.905
11290 264.0 -5.328 1.222
11300 264.0 -6.129 1.636
11310 264.0 -6.711 1.778
11320 264.0 -7.043 2.448
11330 264.0 -7.885 2.589
11340 264.0 -8.109 2.817
11350 265.0 1.977 -2.164
11360 265.0 1.789 -1.985
11370 265.0 1.178 -1.739
11380 265.0 0.647 -1.448
11390 265.0 0.386 -1.156
11400 265.0 -0.102 -0.842
11410 265.0 -0.549 -0.759
11420 265.0 -0.969 -0.263
11430 265.0 -1.238 0.143
11440 265.0 -2.007 0.167
11450 265.0 -2.394 0.492
11460 265.0 -3.119 0.791
11470 265.0 -3.805 1.160
11480 265.0 -4.008 1.516
11490 265.0 -4.491 1.715
11500 265.0 -5.164 1.941
11510 265.0 -5.303 2.532
11520 265.0 -6.024 3.043
11530 265.0 -6.431 3.298
11540 265.0 -6.892 3.213
11350 266.0 2.360 -0.409
11360 266.0 2.451 -0.509
11370 266.0 2.568 -0.476
11380 266.0 2.447 -0.485
11390 266.0 2.516 -0.442
11400 266.0 2.587 -0.565
11410 266.0 2.472 -0.502
11420 266.0 2.464 -0.536
11430 266.0 2.603 -0.458
11440 266.0 2.387 -0.410
11450 266.0 2.526 -0.478
11460 266.0 2.319 -0.358
11470 266.0 2.468 -0.537
11480 266.0 2.378 -0.385
11490 266.0 2.487 -0.543
11500 266.0 2.422 -0.416
11510 266.0 2.511 -0.436
11520 266.0 2.466 -0.489
11530 266.0 2.439 -0.391
11540 266.0 2.556 -0.606
11770 277.0 1.422 -0.956
11780 277.0 0.981 -0.727
11790 277.0 0.331 -0.221
11800 277.0 -0.303 -0.206
11810 277.0 -0.632 0.266
11820 277.0 -1.127 0.557
11830 277.0 -1.535 0.802
11840 277.0 -2.046 0.913
11850 277.0 -2.634 1.520
11860 277.0 -3.238 1.503
11870 277.0 -3.941 1.702
11880 277.0 -4.017 2.099
11890 277.0 -4.570 2.184
11900 277.0 -5.049 2.727
11910 277.0 -5.992 3.129
11920 277.0 -5.996 3.409
11930 277.0 -6.487 3.911
11940 277.0 -7.497 3.862
11950 277.0 -7.771 4.149
11960 277.0 -8.254 4.499
11770 278.0 2.825 -3.149
11780 278.0 2.436 -2.754
11790 278.0 1.793 -2.513
11800 278.0 1.325 -2.183
11810 278.0 0.491 -1.887
11820 278.0 0.273 -1.510
11830 278.0 -0.375 -1.138
11840 278.0 -1.021 -0.749
11850 278.0 -1.578 -0.538
11860 278.0 -2.142 -0.077
11870 278.0 -2.886 0.134
11880 278.0 -3.243 0.420
11890 278.0 -4.121 0.826
11900 278.0 -4.705 1.023
11910 278.0 -5.263 1.361
11920 278.0 -5.981 1.872
11930 278.0 -6.427 2.240
11940 278.0 -7.132 2.450
11950 278.0 -7.718 3.003
11960 278.0 -8.300 3.327
11790 282.0 -9.209 1.373
11800 282.0 -8.782 1.167
11810 282.0 -8.305 0.718
11820 282.0 -7.699 0.309
11830 282.0 -7.144 -0.117
11840 282.0 -6.611 -0.456
11850 282.0 -6.115 -0.829
11860 282.0 -5.603 -0.879
11870 282.0 -4.868 -1.127
11880 282.0 -4.403 -1.270
11890 282.0 -4.008 -1.485
11900 282.0 -3.262 -1.778
11910 282.0 -2.735 -1.855
11920 282.0 -2.224 -2.297
11930 282.0 -1.588 -2.623
11940 282.0 -1.148 -2.774
11950 282.0 -0.735 -3.228
11960 282.0 -0.031 -3.505
11970 282.0 0.326 -3.822
11980 282.0 0.791 -3.994
12450 288.0 -7.901 0.980
12460 288.0 -7.363 0.754
12470 288.0 -6.858 0.330
12480 288.0 -6.204 0.282
12490 288.0 -5.594 -0.053
12500 288.0 -4.918 -0.390
12510 288.0 -4.321 -0.762
12520 288.0 -3.700 -0.873
12530 288.0 -3.095 -0.888
12540 288.0 -2.465 -1.142
12550 288.0 -1.750 -1.016
12560 288.0 -1.052 -1.128
12570 288.0 -0.608 -1.291
12580 288.0 0.007 -1.361
12590 288.0 0.369 -1.348
12600 288.0 1.083 -1.556
12610 288.0 1.430 -1.535
12620 288.0 1.874 -1.744
12630 288.0 2.211 -1.627
12640 288.0 2.522 -1.614
12480 289.0 -7.645 0.973
12490 289.0 -7.080 0.557
12500 289.0 -6.518 0.512
12510 289.0 -5.924 0.203
12520 289.0 -5.425 -0.104
12530 289.0 -4.770 -0.391
12540 289.0 -4.142 -0.537
12550 289.0 -3.649 -0.546
12560 289.0 -3.022 -0.794
12570 289.0 -2.468 -0.982
12580 289.0 -1.861 -1.016
12590 289.0 -1.272 -1.173
12600 289.0 -0.627 -1.442
12610 289.0 -0.191 -1.698
12620 289.0 0.231 -1.841
12630 289.0 0.618 -2.128
12640 289.0 1.237 -2.476
12650 289.0 1.790 -2.342
12660 289.0 2.353 -2.653
12670 289.0 3.033 -2.867
12520 292.0 2.250 -0.559
12530 292.0 2.447 -0.311
12540 292.0 2.393 -0.534
12550 292.0 2.402 -0.364
12560 292.0 2.491 -0.381
12570 292.0 2.619 -0.520
12580 292.0 2.421 -0.489
12590 292.0 2.434 -0.446
12600 292.0 2.339 -0.348
12610 292.0 2.551 -0.316
12620 292.0 2.425 -0.410
12630 292.0 2.431 -0.399
12640 292.0 2.394 -0.349
12650 292.0 2.367 -0.369
12660 292.0 2.514 -0.491
12670 292.0 2.486 -0.358
12680 292.0 2.387 -0.468
12690 292.0 2.588 -0.380
12700 292.0 2.512 -0.352
12710 292.0 2.450 -0.476
12520 293.0 3.904 -1.370
12530 293.0 3.888 -1.449
12540 293.0 3.895 -1.355
12550 293.0 3.891 -1.344
12560 293.0 3.830 -1.297
12570 293.0 3.938 -1.326
12580 293.0 3.986 -1.248
12590 293.0 3.885 -1.418
12600 293.0 3.829 -1.252
12610 293.0 3.824 -1.461
12620 293.0 3.930 -1.282
12630 293.0 3.966 -1.326
12640 293.0 3.873 -1.349
12650 293.0 3.928 -1.311
12660 293.0 3.841 -1.419
12670 293.0 3.850 -1.489
12680 293.0 4.050 -1.396
12690 293.0 3.803 -1.338
12700 293.0 3.912 -1.339
12710 293.0 3.967 -1.280
12520 294.0 4.114 -1.682
12530 294.0 3.680 -1.683
12540 294.0 3.520 -1.561
12550 294.0 3.746 -1.636
12560 294.0 3.642 -1.473
12570 294.0 3.741 -1.642
12580 294.0 3.689 -1.651
12590 294.0 3.854 -1.732
12600 294.0 4.012 -1.547
12610 294.0 3.942 -1.724
12620 294.0 3.838 -1.730
12630 294.0 3.885 -1.780
12640 294.0 4.056 -1.741
12650 294.0 3.462 -1.687
12660 294.0 3.811 -1.741
12670 294.0 3.515 -1.802
12680 294.0 3.660 -1.782
12690 294.0 3.791 -1.908
12700 294.0 3.606 -1.620
12710 294.0 3.836 -1.737
12700 296.0 2.120 -2.632
12710 296.0 1.682 -2.417
12720 296.0 1.096 -2.118
12730 296.0 0.526 -1.615
12740 296.0 0.105 -1.381
12750 296.0 -0.666 -0.921
12760 296.0 -1.108 -0.583
12770 296.0 -1.486 -0.238
12780 296.0 -2.242 0.096
12790 296.0 -2.693 0.537
12800 296.0 -3.425 0.777
12810 296.0 -4.077 1.075
12820 296.0 -4.649 1.552
12830 296.0 -5.392 1.939
12840 296.0 -5.869 2.456
12850 296.0 -6.509 2.770
12860 296.0 -7.212 3.172
12870 296.0 -7.732 3.646
12880 296.0 -8.123 3.833
12890 296.0 -8.702 4.294
12700 297.0 2.039 -3.216
12710 297.0 1.441 -2.926
12720 297.0 0.955 -2.515
12730 297.0 0.446 -2.062
12740 297.0 -0.294 -1.831
12750 297.0 -0.992 -1.519
12760 297.0 -1.322 -1.091
12770 297.0 -1.933 -0.865
12780 297.0 -2.244 -0.747
12790 297.0 -2.951 0.085
12800 297.0 -3.724 0.041
12810 297.0 -4.518 0.607
12820 297.0 -4.986 0.956
12830 297.0 -5.590 1.494
12840 297.0 -6.135 2.178
12850 297.0 -6.552 2.031
12860 297.0 -7.268 2.643
12870 297.0 -7.865 2.879
12880 297.0 -8.627 3.347
12890 297.0 -9.176 3.717
12900 303.0 1.290 1.722
12910 303.0 1.008 1.648
12920 303.0 0.672 1.675
12930 303.0 0.387 1.653
12940 303.0 0.323 1.509
12950 303.0 0.173 1.404
12960 303.0 0.178 1.285
12970 303.0 0.242 1.058
12980 303.0 0.235 1.135
12990 303.0 0.243 1.107
13000 303.0 0.373 1.175
13010 303.0 0.291 1.119
13020 303.0 0.437 1.128
13030 303.0 0.417 1.139
13040 303.0 0.429 1.101
13050 303.0 0.305 1.146
13060 303.0 0.418 1.169
13070 303.0 0.309 1.071
13080 303.0 0.442 1.235
13090 303.0 0.397 1.178
12980 305.0 2.062 -3.639
12990 305.0 1.509 -3.407
13000 305.0 1.029 -3.398
13010 305.0 0.363 -3.024
13020 305.0 -0.018 -2.739
13030 305.0 -0.700 -2.482
13040 305.0 -1.175 -2.195
13050 305.0 -1.934 -2.113
13060 305.0 -2.472 -1.737
13070 305.0 -3.001 -1.454
13080 305.0 -3.382 -1.014
13090 305.0 -3.882 -0.616
13100 305.0 -4.429 -0.117
13110 305.0 -4.734 0.325
13120 305.0 -5.198 0.734
13130 305.0 -5.766 0.932
13140 305.0 -6.227 1.379
13150 305.0 -6.980 1.538
13160 305.0 -7.643 1.937
13170 305.0 -8.140 2.213
13010 306.0 2.341 -2.606
13020 306.0 1.661 -2.366
13030 306.0 1.301 -2.091
13040 306.0 0.607 -1.849
13050 306.0 0.383 -1.683
13060 306.0 -0.031 -1.181
13070 306.0 -0.355 -0.720
13080 306.0 -0.799 -0.586
13090 306.0 -1.488 -0.309
13100 306.0 -2.191 0.222
13110 306.0 -2.543 0.580
13120 306.0 -3.109 0.970
13130 306.0 -3.567 1.124
13140 306.0 -4.210 1.278
13150 306.0 -4.934 1.623
13160 306.0 -5.551 1.621
13170 306.0 -5.873 1.854
13180 306.0 -6.542 1.923
13190 306.0 -7.009 2.270
13200 306.0 -7.777 2.316
13060 307.0 -8.807 2.006
13070 307.0 -8.350 1.904
13080 307.0 -7.931 1.647
13090 307.0 -7.460 1.416
13100 307.0 -6.908 1.258
13110 307.0 -6.619 1.024
13120 307.0 -6.155 0.628
13130 307.0 -5.916 0.425
13140 307.0 -5.664 0.288
13150 307.0 -5.262 0.048
13160 307.0 -4.888 -0.079
13170 307.0 -4.549 -0.096
13180 307.0 -4.086 -0.269
13190 307.0 -3.801 -0.384
13200 307.0 -3.497 -0.534
13210 307.0 -3.049 -0.662
13220 307.0 -2.794 -0.724
13230 307.0 -2.487 -0.992
13240 307.0 -2.414 -1.050
13250 307.0 -2.036 -1.116
13100 304.0 0.378 1.239
13110 304.0 0.318 1.167
13120 304.0 0.441 1.150
13130 304.0 0.226 1.227
13140 304.0 0.363 1.240
13150 304.0 0.605 1.160
13160 304.0 0.406 1.043
13170 304.0 0.290 1.072
13180 304.0 0.558 1.224
13190 304.0 0.403 1.278
13200 304.0 0.318 1.177
13210 304.0 0.374 1.183
13220 304.0 0.396 1.193
13230 304.0 0.287 1.337
13240 304.0 0.399 1.257
13250 304.0 0.516 1.051
13260 304.0 0.443 1.202
13270 304.0 0.399 1.144
13280 304.0 0.419 1.013
13290 304.0 0.358 1.225
13130 309.0 -5.093 4.787
13140 309.0 -5.112 4.564
13150 309.0 -4.968 4.749
13160 309.0 -5.017 4.739
13170 309.0 -4.972 4.833
13180 309.0 -5.088 4.784
13190 309.0 -5.045 4.636
13200 309.0 -4.899 4.689
13210 309.0 -5.096 4.758
13220 309.0 -4.963 4.730
13230 309.0 -4.922 4.626
13240 309.0 -5.035 4.739
13250 309.0 -5.099 4.776
13260 309.0 -5.024 4.742
13270 309.0 -5.033 4.667
13280 309.0 -4.904 4.794
13290 309.0 -5.021 4.727
13300 309.0 -5.057 4.704
13310 309.0 -5.000 4.662
13320 309.0 -5.038 4.661
13130 310.0 -6.413 5.467
13140 310.0 -6.415 5.339
13150 310.0 -6.552 5.459
13160 310.0 -6.187 5.443
13170 310.0 -6.424 5.266
13180 310.0 -6.286 5.424
13190 310.0 -6.353 5.288
13200 310.0 -6.565 5.156
13210 310.0 -6.377 5.416
13220 310.0 -6.438 5.335
13230 310.0 -6.497 5.417
13240 310.0 -6.424 5.172
13250 310.0 -6.452 5.384
13260 310.0 -6.374 5.275
13270 310.0 -6.532 5.502
13280 310.0 -6.330 5.500
13290 310.0 -6.434 5.308
13300 310.0 -6.168 5.123
13310 310.0 -6.257 5.559
13320 310.0 -6.509 5.300
13130 311.0 -1.554 2.440
13140 311.0 -1.574 2.481
13150 311.0 -1.597 2.411
13160 311.0 -1.769 2.442
13170 311.0 -1.663 2.402
13180 311.0 -1.862 2.727
13190 311.0 -1.567 2.441
13200 311.0 -1.689 2.468
13210 311.0 -1.626 2.389
13220 311.0 -1.550 2.584
13230 311.0 -1.848 2.627
13240 311.0 -1.546 2.736
13250 311.0 -1.551 2.512
13260 311.0 -1.534 2.406
13270 311.0 -1.457 2.423
13280 311.0 -1.547 2.403
13290 311.0 -1.660 2.678
13300 311.0 -1.602 2.582
13310 311.0 -1.649 2.774
13320 311.0 -1.605 2.451
13130 313.0 3.090 -1.182
13140 313.0 3.257 -1.306
13150 313.0 3.279 -1.237
13160 313.0 3.194 -1.050
13170 313.0 3.248 -1.201
13180 313.0 3.153 -1.521
13190 313.0 3.399 -1.318
13200 313.0 3.279 -0.951
13210 313.0 3.173 -1.130
13220 313.0 3.300 -1.215
13230 313.0 3.129 -1.231
13240 313.0 3.002 -1.300
13250 313.0 3.127 -1.317
13260 313.0 3.187 -1.186
13270 313.0 3.243 -1.350
13280 313.0 3.117 -1.203
13290 313.0 3.190 -1.248
13300 313.0 3.440 -1.212
13310 313.0 3.213 -1.343
13320 313.0 3.081 -1.191
13170 315.0 -9.223 4.084
13180 315.0 -8.932 3.831
13190 315.0 -8.286 3.628
13200 315.0 -7.793 3.519
13210 315.0 -7.466 3.442
13220 315.0 -7.205 3.239
13230 315.0 -6.641 2.936
13240 315.0 -6.345 2.779
13250 315.0 -5.854 2.516
13260 315.0 -5.650 2.346
13270 315.0 -5.090 2.247
13280 315.0 -4.745 2.111
13290 315.0 -4.383 1.879
13300 315.0 -3.914 1.842
13310 315.0 -3.525 1.748
13320 315.0 -3.021 1.864
13330 315.0 -2.811 2.065
13340 315.0 -2.798 2.136
13350 315.0 -2.780 2.159
13360 315.0 -2.728 2.249
13170 316.0 2.262 -3.195
13180 316.0 1.718 -2.922
13190 316.0 1.021 -2.506
13200 316.0 0.395 -2.213
13210 316.0 -0.087 -1.808
13220 316.0 -0.426 -1.423
13230 316.0 -1.097 -1.123
13240 316.0 -1.751 -0.419
13250 316.0 -2.419 -0.247
13260 316.0 -2.798 0.015
13270 316.0 -3.530 0.254
13280 316.0 -4.310 0.436
13290 316.0 -4.828 0.946
13300 316.0 -5.281 1.313
13310 316.0 -6.027 1.603
13320 316.0 -6.820 1.880
13330 316.0 -7.481 2.387
13340 316.0 -8.008 2.757
13350 316.0 -8.513 3.193
13360 316.0 -9.318 3.523
13180 317.0 -8.827 4.154
13190 317.0 -8.529 4.100
13200 317.0 -7.711 4.008
13210 317.0 -7.445 3.686
13220 317.0 -7.094 3.924
13230 317.0 -6.511 3.430
13240 317.0 -6.420 3.248
13250 317.0 -5.905 3.158
13260 317.0 -5.375 2.839
13270 317.0 -5.255 2.624
13280 317.0 -4.916 2.492
13290 317.0 -4.312 2.551
13300 317.0 -4.207 2.561
13310 317.0 -3.906 2.238
13320 317.0 -3.790 2.740
13330 317.0 -3.212 2.805
13340 317.0 -3.299 2.875
13350 317.0 -3.226 2.614
13360 317.0 -2.925 2.876
13370 317.0 -3.118 2.911
14340 333.0 -4.410 1.906
14350 333.0 -4.125 2.227
14360 333.0 -4.159 1.875
14370 333.0 -3.995 1.935
14380 333.0 -3.341 2.047
14390 333.0 -3.296 1.885
14400 333.0 -2.663 1.985
14410 333.0 -2.694 2.257
14420 333.0 -2.867 2.291
14430 333.0 -2.426 2.273
14440 333.0 -2.208 2.261
14450 333.0 -1.811 2.470
14460 333.0 -1.471 2.292
14470 333.0 -1.666 2.615
14480 333.0 -1.482 2.263
14490 333.0 -1.418 2.268
14500 333.0 -1.300 2.218
14510 333.0 -1.342 2.162
14520 333.0 -1.393 2.175
14530 333.0 -1.318 2.176
14340 334.0 0.601 -1.171
14350 334.0 0.283 -1.069
14360 334.0 -0.384 -0.721
14370 334.0 -0.866 -0.434
14380 334.0 -1.381 -0.429
14390 334.0 -2.046 0.134
14400 334.0 -2.402 0.298
14410 334.0 -3.096 0.603
14420 334.0 -3.644 0.753
14430 334.0 -4.056 1.319
14440 334.0 -4.408 1.624
14450 334.0 -4.481 2.135
14460 334.0 -4.623 2.598
14470 334.0 -4.904 3.210
14480 334.0 -5.076 3.838
14490 334.0 -5.059 4.171
14500 334.0 -5.182 4.886
14510 334.0 -5.276 5.430
14520 334.0 -5.262 6.022
14530 334.0 -5.658 6.494
14950 344.0 2.382 -3.714
14960 344.0 2.238 -3.146
14970 344.0 1.863 -3.258
14980 344.0 1.627 -3.160
14990 344.0 1.177 -2.718
15000 344.0 0.676 -2.374
15010 344.0 0.639 -2.172
15020 344.0 0.113 -2.355
15030 344.0 -0.073 -1.746
15040 344.0 -0.575 -1.719
15050 344.0 -1.197 -1.480
15060 344.0 -1.402 -1.074
15070 344.0 -1.408 -0.612
15080 344.0 -1.895 -0.318
15090 344.0 -2.120 0.026
15100 344.0 -2.444 0.438
15110 344.0 -2.856 0.665
15120 344.0 -3.104 0.799
15130 344.0 -3.665 1.190
15140 344.0 -4.075 1.077
14960 345.0 -9.806 3.392
14970 345.0 -9.090 2.762
14980 345.0 -8.753 2.471
14990 345.0 -8.377 1.920
15000 345.0 -7.473 1.800
15010 345.0 -6.764 1.201
15020 345.0 -6.368 1.180
15030 345.0 -5.970 0.543
15040 345.0 -5.461 -0.006
15050 345.0 -5.020 -0.302
15060 345.0 -4.207 -0.815
15070 345.0 -3.884 -1.322
15080 345.0 -3.531 -1.874
15090 345.0 -2.910 -2.211
15100 345.0 -2.402 -2.293
15110 345.0 -1.430 -2.965
15120 345.0 -1.198 -3.153
15130 345.0 -0.558 -3.669
15140 345.0 0.118 -4.132
15150 345.0 0.445 -4.585
15820 356.0 -0.060 -0.611
15830 356.0 -0.386 -0.455
15840 356.0 -0.306 -0.490
15850 356.0 -0.193 -0.397
15860 356.0 -0.257 -0.451
15870 356.0 -0.454 -0.354
15880 356.0 -0.443 -0.367
15890 356.0 -0.388 -0.485
15900 356.0 -0.450 -0.308
15910 356.0 -0.302 -0.312
15920 356.0 -0.285 -0.456
15930 356.0 -0.360 -0.355
15940 356.0 -0.195 -0.415
15950 356.0 -0.291 -0.445
15960 356.0 -0.483 -0.270
15970 356.0 -0.361 -0.483
15980 356.0 -0.265 -0.646
15990 356.0 -0.384 -0.417
16000 356.0 -0.386 -0.417
16010 356.0 -0.135 -0.616
15900 359.0 -10.174 2.716
15910 359.0 -9.618 2.529
15920 359.0 -9.059 2.240
15930 359.0 -8.574 1.856
15940 359.0 -8.282 1.718
15950 359.0 -7.525 1.261
15960 359.0 -7.093 1.083
15970 359.0 -6.566 0.826
15980 359.0 -6.091 0.559
15990 359.0 -5.595 0.437
16000 359.0 -5.082 0.115
16010 359.0 -4.616 -0.332
16020 359.0 -4.120 -0.566
16030 359.0 -3.765 -0.889
16040 359.0 -3.286 -1.190
16050 359.0 -2.845 -1.520
16060 359.0 -2.555 -1.838
16070 359.0 -1.967 -2.340
16080 359.0 -1.465 -2.425
16090 359.0 -1.304 -2.847
15910 360.0 -10.070 1.884
15920 360.0 -9.815 1.421
15930 360.0 -9.325 1.023
15940 360.0 -8.880 1.026
15950 360.0 -8.405 0.887
15960 360.0 -8.006 0.389
15970 360.0 -7.270 0.118
15980 360.0 -6.990 0.063
15990 360.0 -6.403 -0.153
16000 360.0 -5.968 -0.493
16010 360.0 -5.544 -0.651
16020 360.0 -4.838 -1.037
16030 360.0 -4.410 -1.454
16040 360.0 -4.146 -1.739
16050 360.0 -3.434 -1.789
16060 360.0 -3.052 -1.777
16070 360.0 -2.715 -2.337
16080 360.0 -2.303 -2.721
16090 360.0 -1.762 -3.202
16100 360.0 -1.310 -3.577
15950 361.0 -5.406 3.803
15960 361.0 -5.283 4.018
15970 361.0 -5.534 4.386
15980 361.0 -5.389 4.006
15990 361.0 -5.441 4.233
16000 361.0 -5.420 4.288
16010 361.0 -5.535 4.314
16020 361.0 -5.620 4.122
16030 361.0 -5.388 4.188
16040 361.0 -5.217 4.016
16050 361.0 -5.412 3.946
16060 361.0 -5.428 4.031
16070 361.0 -5.520 4.167
16080 361.0 -5.308 3.923
16090 361.0 -5.190 4.071
16100 361.0 -5.169 4.158
16110 361.0 -5.348 3.979
16120 361.0 -5.433 4.149
16130 361.0 -5.588 4.313
16140 361.0 -5.387 4.544
16010 365.0 1.430 -2.730
16020 365.0 0.830 -2.509
16030 365.0 0.357 -2.200
16040 365.0 -0.156 -1.831
16050 365.0 -0.628 -1.490
16060 365.0 -0.917 -1.155
16070 365.0 -1.590 -1.047
16080 365.0 -2.332 -0.700
16090 365.0 -2.587 -0.481
16100 365.0 -3.166 -0.043
16110 365.0 -3.673 0.072
16120 365.0 -4.215 0.220
16130 365.0 -4.574 0.601
16140 365.0 -5.306 0.782
16150 365.0 -5.922 1.150
16160 365.0 -6.449 1.648
16170 365.0 -6.855 1.749
16180 365.0 -7.461 2.095
16190 365.0 -7.871 2.164
16200 365.0 -8.342 2.467
16010 366.0 0.939 -3.124
16020 366.0 0.523 -2.915
16030 366.0 0.061 -2.637
16040 366.0 -0.459 -2.458
16050 366.0 -0.780 -2.225
16060 366.0 -1.302 -1.866
16070 366.0 -1.713 -1.506
16080 366.0 -2.414 -1.252
16090 366.0 -2.906 -1.017
16100 366.0 -3.466 -0.732
16110 366.0 -4.024 -0.462
16120 366.0 -4.563 -0.271
16130 366.0 -4.948 0.178
16140 366.0 -5.505 0.375
16150 366.0 -6.147 0.808
16160 366.0 -6.529 1.101
16170 366.0 -7.138 1.267
16180 366.0 -7.712 1.587
16190 366.0 -8.344 1.875
16200 366.0 -8.782 2.114
16020 357.0 -0.078 -0.509
16030 357.0 -0.042 -0.451
16040 357.0 -0.150 -0.389
16050 357.0 -0.153 -0.381
16060 357.0 -0.170 -0.463
16070 357.0 -0.169 -0.515
16080 357.0 -0.246 -0.410
16090 357.0 -0.272 -0.361
16100 357.0 -0.263 -0.417
16110 357.0 -0.219 -0.299
16120 357.0 -0.356 -0.620
16130 357.0 -0.271 -0.560
16140 357.0 -0.290 -0.439
16150 357.0 -0.209 -0.514
16160 357.0 -0.100 -0.433
16170 357.0 -0.091 -0.330
16180 357.0 -0.033 -0.419
16190 357.0 -0.151 -0.291
16200 357.0 0.050 -0.472
16210 357.0 0.074 -0.520
16040 367.0 2.890 -2.892
16050 367.0 2.330 -2.942
16060 367.0 1.850 -2.732
16070 367.0 1.370 -2.436
16080 367.0 0.849 -2.398
16090 367.0 0.561 -2.045
16100 367.0 -0.209 -1.843
16110 367.0 -0.504 -1.803
16120 367.0 -1.296 -1.408
16130 367.0 -1.819 -1.256
16140 367.0 -2.517 -1.078
16150 367.0 -2.802 -0.590
16160 367.0 -3.290 -0.258
16170 367.0 -4.036 -0.090
16180 367.0 -4.450 0.165
16190 367.0 -5.104 0.665
16200 367.0 -5.698 0.870
16210 367.0 -6.260 1.121
16220 367.0 -6.852 1.636
16230 367.0 -7.447 2.033
16040 368.0 3.234 -2.667
16050 368.0 2.758 -2.433
16060 368.0 2.445 -2.127
16070 368.0 1.676 -1.921
16080 368.0 1.056 -1.712
16090 368.0 0.638 -1.515
16100 368.0 -0.078 -1.388
16110 368.0 -0.344 -1.037
16120 368.0 -0.884 -0.797
16130 368.0 -1.471 -0.574
16140 368.0 -2.049 -0.338
16150 368.0 -2.452 -0.029
16160 368.0 -3.083 0.336
16170 368.0 -3.514 0.551
16180 368.0 -3.935 0.972
16190 368.0 -4.687 1.271
16200 368.0 -5.363 1.795
16210 368.0 -5.727 1.915
16220 368.0 -6.557 2.513
16230 368.0 -7.229 2.800
16120 369.0 2.734 -0.936
16130 369.0 2.889 -0.866
16140 369.0 2.584 -0.876
16150 369.0 2.762 -0.944
16160 369.0 2.821 -0.828
16170 369.0 2.769 -0.892
16180 369.0 2.717 -0.878
16190 369.0 2.752 -0.912
16200 369.0 2.671 -0.852
16210 369.0 2.744 -1.058
16220 369.0 2.730 -0.881
16230 369.0 2.835 -0.851
16240 369.0 2.723 -0.998
16250 369.0 2.817 -0.981
16260 369.0 2.677 -0.861
16270 369.0 2.802 -0.976
16280 369.0 2.770 -0.940
16290 369.0 2.721 -0.785
16300 369.0 2.826 -0.831
16310 369.0 2.895 -0.919
16120 372.0 2.973 -1.081
16130 372.0 3.217 -0.944
16140 372.0 3.425 -1.040
16150 372.0 2.977 -0.925
16160 372.0 3.215 -1.051
16170 372.0 3.152 -1.007
16180 372.0 3.112 -1.119
16190 372.0 3.248 -1.031
16200 372.0 3.132 -1.204
16210 372.0 3.034 -0.928
16220 372.0 3.292 -1.350
16230 372.0 3.080 -1.055
16240 372.0 3.363 -1.165
16250 372.0 3.064 -1.005
16260 372.0 3.190 -1.151
16270 372.0 3.113 -1.356
16280 372.0 3.163 -1.076
16290 372.0 3.266 -1.172
16300 372.0 3.414 -1.030
16310 372.0 3.427 -1.181
16150 362.0 -5.467 4.159
16160 362.0 -5.379 4.148
16170 362.0 -5.345 4.173
16180 362.0 -5.422 4.018
16190 362.0 -5.325 4.014
16200 362.0 -5.422 4.105
16210 362.0 -5.443 4.085
16220 362.0 -5.253 4.075
16230 362.0 -5.459 4.146
16240 362.0 -5.485 4.141
16250 362.0 -5.128 4.171
16260 362.0 -5.199 4.197
16270 362.0 -5.390 4.115
16280 362.0 -5.325 4.027
16290 362.0 -5.519 4.259
16300 362.0 -5.604 4.206
16310 362.0 -5.444 3.996
16320 362.0 -5.758 3.961
16330 362.0 -5.494 3.870
16340 362.0 -5.526 4.001
16160 375.0 1.916 -2.424
16170 375.0 1.318 -1.957
16180 375.0 0.910 -2.104
16190 375.0 0.547 -1.954
16200 375.0 0.137 -1.498
16210 375.0 -0.382 -1.244
16220 375.0 -0.878 -1.101
16230 375.0 -1.173 -0.885
16240 375.0 -1.879 -0.373
16250 375.0 -1.963 -0.297
16260 375.0 -2.852 0.243
16270 375.0 -3.214 0.480
16280 375.0 -3.488 0.743
16290 375.0 -3.888 1.023
16300 375.0 -4.665 1.339
16310 375.0 -5.081 1.555
16320 375.0 -5.510 1.845
16330 375.0 -6.188 2.070
16340 375.0 -6.491 2.314
16350 375.0 -7.042 2.439
16160 376.0 1.587 -3.051
16170 376.0 1.176 -2.767
16180 376.0 0.654 -2.529
16190 376.0 0.439 -2.445
16200 376.0 -0.119 -2.150
16210 376.0 -0.454 -2.005
16220 376.0 -1.014 -1.703
16230 376.0 -1.391 -1.358
16240 376.0 -1.771 -1.039
16250 376.0 -2.253 -0.831
16260 376.0 -2.699 -0.433
16270 376.0 -3.215 -0.174
16280 376.0 -3.679 0.014
16290 376.0 -4.119 0.328
16300 376.0 -4.605 0.532
16310 376.0 -5.150 0.817
16320 376.0 -5.677 1.161
16330 376.0 -6.099 1.449
16340 376.0 -6.640 1.672
16350 376.0 -7.149 1.917
16160 377.0 1.364 -3.547
16170 377.0 0.822 -3.230
16180 377.0 0.397 -3.265
16190 377.0 -0.146 -2.934
16200 377.0 -0.554 -2.365
16210 377.0 -1.001 -2.404
16220 377.0 -1.581 -1.924
16230 377.0 -1.905 -1.501
16240 377.0 -2.074 -1.699
16250 377.0 -2.828 -1.380
16260 377.0 -3.249 -1.254
16270 377.0 -3.781 -0.785
16280 377.0 -3.977 -0.460
16290 377.0 -4.998 -0.099
16300 377.0 -5.305 0.291
16310 377.0 -5.648 0.245
16320 377.0 -6.269 0.633
16330 377.0 -6.529 0.933
16340 377.0 -7.370 1.416
16350 377.0 -7.552 1.390
16170 378.0 -1.890 2.017
16180 378.0 -1.715 1.792
16190 378.0 -1.401 2.064
16200 378.0 -1.189 1.959
16210 378.0 -1.155 1.909
16220 378.0 -0.996 1.788
16230 378.0 -0.737 2.027
16240 378.0 -0.466 2.045
16250 378.0 -0.099 1.832
16260 378.0 -0.203 1.747
16270 378.0 -0.242 1.474
16280 378.0 0.264 1.747
16290 378.0 0.514 1.668
16300 378.0 0.732 1.522
16310 378.0 1.042 1.531
16320 378.0 0.956 1.540
16330 378.0 1.243 1.643
16340 378.0 1.420 1.673
16350 378.0 1.588 1.831
16360 378.0 1.766 1.972
16220 358.0 0.194 -0.319
16230 358.0 0.139 -0.359
16240 358.0 0.019 -0.304
16250 358.0 -0.014 -0.312
16260 358.0 -0.012 -0.121
16270 358.0 -0.054 -0.404
16280 358.0 -0.015 -0.350
16290 358.0 0.048 -0.340
16300 358.0 0.027 -0.297
16310 358.0 -0.010 -0.249
16320 358.0 -0.054 -0.259
16330 358.0 0.065 -0.266
16340 358.0 -0.012 -0.428
16350 358.0 -0.017 -0.295
16360 358.0 -0.022 -0.297
16370 358.0 -0.004 -0.268
16380 358.0 -0.060 -0.271
16390 358.0 -0.037 -0.175
16400 358.0 -0.019 -0.253
16410 358.0 -0.137 -0.150
16250 380.0 2.239 -3.422
16260 380.0 1.837 -3.213
16270 380.0 1.423 -3.029
16280 380.0 0.951 -2.605
16290 380.0 0.006 -2.486
16300 380.0 -0.586 -2.273
16310 380.0 -0.949 -2.109
16320 380.0 -1.307 -1.956
16330 380.0 -2.063 -1.518
16340 380.0 -2.288 -1.319
16350 380.0 -2.752 -0.786
16360 380.0 -3.267 -0.514
16370 380.0 -3.938 0.057
16380 380.0 -4.260 -0.132
16390 380.0 -4.870 0.314
16400 380.0 -5.369 0.625
16410 380.0 -5.990 0.842
16420 380.0 -6.281 1.099
16430 380.0 -6.960 1.466
16440 380.0 -7.302 1.850
16290 382.0 -10.291 2.107
16300 382.0 -10.018 2.180
16310 382.0 -9.745 1.949
16320 382.0 -9.376 1.662
16330 382.0 -9.131 1.201
16340 382.0 -8.614 0.994
16350 382.0 -8.173 0.805
16360 382.0 -7.803 0.572
16370 382.0 -7.299 0.301
16380 382.0 -6.887 0.070
16390 382.0 -6.405 0.046
16400 382.0 -6.064 -0.070
16410 382.0 -5.573 -0.426
16420 382.0 -5.165 -0.413
16430 382.0 -4.687 -0.699
16440 382.0 -4.376 -1.025
16450 382.0 -3.863 -1.198
16460 382.0 -3.561 -1.412
16470 382.0 -2.886 -1.555
16480 382.0 -2.706 -1.703
16290 383.0 -10.969 1.704
16300 383.0 -10.414 1.527
16310 383.0 -9.983 1.040
16320 383.0 -9.677 1.139
16330 383.0 -9.372 0.863
16340 383.0 -9.113 0.666
16350 383.0 -8.489 0.547
16360 383.0 -8.188 0.314
16370 383.0 -7.759 -0.074
16380 383.0 -7.135 -0.234
16390 383.0 -6.910 -0.537
16400 383.0 -6.471 -0.688
16410 383.0 -5.857 -0.980
16420 383.0 -5.402 -0.909
16430 383.0 -4.919 -1.431
16440 383.0 -4.638 -1.644
16450 383.0 -4.286 -1.719
16460 383.0 -3.760 -1.737
16470 383.0 -3.549 -2.205
16480 383.0 -2.777 -2.263
16320 370.0 2.732 -0.917
16330 370.0 2.759 -0.938
16340 370.0 2.766 -1.010
16350 370.0 2.860 -0.806
16360 370.0 2.727 -0.915
16370 370.0 2.816 -0.785
16380 370.0 2.703 -0.814
16390 370.0 2.698 -0.874
16400 370.0 2.816 -0.781
16410 370.0 2.710 -0.840
16420 370.0 2.692 -0.835
16430 370.0 2.776 -0.829
16440 370.0 2.688 -0.849
16450 370.0 2.681 -0.697
16460 370.0 2.636 -0.821
16470 370.0 2.643 -0.810
16480 370.0 2.680 -0.792
16490 370.0 2.723 -0.771
16500 370.0 2.611 -0.750
16510 370.0 2.579 -0.810
16320 373.0 3.139 -1.213
16330 373.0 3.122 -1.262
16340 373.0 3.179 -1.088
16350 373.0 3.244 -1.213
16360 373.0 3.334 -1.023
16370 373.0 3.147 -1.192
16380 373.0 3.289 -1.074
16390 373.0 3.268 -0.863
16400 373.0 3.195 -1.001
16410 373.0 3.144 -1.087
16420 373.0 3.115 -1.029
16430 373.0 3.243 -0.998
16440 373.0 2.990 -0.902
16450 373.0 3.282 -1.184
16460 373.0 2.983 -1.098
16470 373.0 3.137 -1.046
16480 373.0 3.106 -1.058
16490 373.0 3.212 -0.969
16500 373.0 3.034 -1.020
16510 373.0 3.000 -1.078
16350 363.0 -5.437 3.789
16360 363.0 -5.535 3.986
16370 363.0 -5.586 3.967
16380 363.0 -5.493 3.860
16390 363.0 -5.457 3.988
16400 363.0 -5.446 4.044
16410 363.0 -5.584 4.011
16420 363.0 -5.502 4.058
16430 363.0 -5.504 3.964
16440 363.0 -5.573 3.948
16450 363.0 -5.468 3.872
16460 363.0 -5.598 3.994
16470 363.0 -5.515 3.944
16480 363.0 -5.583 4.029
16490 363.0 -5.627 3.772
16500 363.0 -5.382 3.987
16510 363.0 -5.455 4.034
16520 363.0 -5.377 3.981
16530 363.0 -5.472 4.003
16540 363.0 -5.383 3.974
16380 385.0 3.114 -2.744
16390 385.0 2.373 -2.631
16400 385.0 1.898 -2.563
16410 385.0 1.077 -2.144
16420 385.0 0.918 -2.011
16430 385.0 0.270 -1.530
16440 385.0 -0.467 -1.389
16450 385.0 -0.853 -0.941
16460 385.0 -1.506 -0.915
16470 385.0 -2.130 -0.686
16480 385.0 -2.834 -0.083
16490 385.0 -3.362 -0.077
16500 385.0 -3.873 0.653
16510 385.0 -4.401 0.978
16520 385.0 -5.239 1.267
16530 385.0 -5.839 1.820
16540 385.0 -6.630 2.294
16550 385.0 -6.816 2.384
16560 385.0 -7.425 2.799
16570 385.0 -8.174 2.987
16410 386.0 0.754 -4.333
16420 386.0 0.849 -3.932
16430 386.0 0.751 -3.993
16440 386.0 1.050 -3.773
16450 386.0 1.010 -3.733
16460 386.0 1.333 -3.669
16470 386.0 1.131 -3.847
16480 386.0 1.628 -3.572
16490 386.0 1.667 -3.191
16500 386.0 1.790 -3.215
16510 386.0 1.647 -3.094
16520 386.0 1.877 -3.084
16530 386.0 2.099 -2.856
16540 386.0 1.972 -2.910
16550 386.0 2.041 -2.876
16560 386.0 2.151 -2.790
16570 386.0 1.985 -2.811
16580 386.0 2.312 -2.705
16590 386.0 2.089 -2.837
16600 386.0 2.135 -2.928
16480 388.0 -10.253 1.926
16490 388.0 -9.715 1.819
16500 388.0 -9.189 1.502
16510 388.0 -8.633 1.246
16520 388.0 -8.139 1.033
16530 388.0 -7.450 0.840
16540 388.0 -6.941 0.604
16550 388.0 -6.332 0.407
16560 388.0 -5.841 0.199
16570 388.0 -5.281 -0.024
16580 388.0 -4.765 -0.321
16590 388.0 -4.260 -0.492
16600 388.0 -3.616 -0.795
16610 388.0 -3.144 -1.272
16620 388.0 -2.739 -1.438
16630 388.0 -2.302 -1.780
16640 388.0 -1.772 -2.025
16650 388.0 -1.106 -2.371
16660 388.0 -0.753 -2.568
16670 388.0 -0.485 -2.813
16480 389.0 -10.715 1.659
16490 389.0 -10.268 1.356
16500 389.0 -9.812 1.047
16510 389.0 -9.098 0.894
16520 389.0 -8.668 0.435
16530 389.0 -8.028 0.264
16540 389.0 -7.331 0.125
16550 389.0 -6.921 -0.292
16560 389.0 -6.318 -0.409
16570 389.0 -5.673 -0.706
16580 389.0 -5.157 -0.901
16590 389.0 -4.604 -1.159
16600 389.0 -4.113 -1.420
16610 389.0 -3.625 -1.692
16620 389.0 -3.157 -1.987
16630 389.0 -2.537 -2.487
16640 389.0 -1.993 -2.682
16650 389.0 -1.654 -3.034
16660 389.0 -1.028 -3.440
16670 389.0 -0.833 -3.610
16520 371.0 2.672 -0.852
16530 371.0 2.645 -0.612
16540 371.0 2.586 -0.753
16550 371.0 2.586 -0.749
16560 371.0 2.674 -0.614
16570 371.0 2.503 -0.688
16580 371.0 2.680 -0.646
16590 371.0 2.704 -0.673
16600 371.0 2.604 -0.913
16610 371.0 2.540 -0.605
16620 371.0 2.717 -0.828
16630 371.0 2.665 -0.906
16640 371.0 2.603 -0.873
16650 371.0 2.574 -0.817
16660 371.0 2.659 -0.754
16670 371.0 2.620 -0.784
16680 371.0 2.591 -0.872
16690 371.0 2.696 -0.827
16700 371.0 2.446 -0.658
16710 371.0 2.639 -0.703
16520 374.0 3.019 -1.197
16530 374.0 3.023 -1.035
16540 374.0 3.113 -1.138
16550 374.0 3.139 -1.106
16560 374.0 3.175 -1.093
16570 374.0 3.103 -1.188
16580 374.0 3.172 -1.142
16590 374.0 3.165 -1.028
16600 374.0 3.108 -1.140
16610 374.0 3.099 -0.977
16620 374.0 3.042 -1.180
16630 374.0 3.129 -1.079
16640 374.0 3.089 -1.195
16650 374.0 3.118 -0.919
16660 374.0 3.129 -1.087
16670 374.0 3.051 -1.153
16680 374.0 3.076 -0.955
16690 374.0 2.998 -1.038
16700 374.0 3.031 -1.058
16710 374.0 3.088 -1.043
16550 364.0 -5.406 3.957
16560 364.0 -5.505 3.956
16570 364.0 -5.438 3.981
16580 364.0 -5.533 4.100
16590 364.0 -5.368 3.972
16600 364.0 -5.499 3.874
16610 364.0 -5.382 3.864
16620 364.0 -5.420 3.901
16630 364.0 -5.558 3.874
16640 364.0 -5.500 3.806
16650 364.0 -5.421 3.955
16660 364.0 -5.449 3.939
16670 364.0 -5.471 4.020
16680 364.0 -5.356 3.986
16690 364.0 -5.580 3.945
16700 364.0 -5.447 3.870
16710 364.0 -5.395 3.897
16720 364.0 -5.483 4.016
16730 364.0 -5.204 3.975
16740 364.0 -5.397 4.010
16570 391.0 -10.369 2.081
16580 391.0 -9.904 2.167
16590 391.0 -9.286 1.936
16600 391.0 -8.946 1.948
16610 391.0 -8.461 1.718
16620 391.0 -7.824 1.416
16630 391.0 -7.173 1.255
16640 391.0 -7.178 1.309
16650 391.0 -6.828 1.167
16660 391.0 -6.219 1.027
16670 391.0 -6.100 0.975
16680 391.0 -6.348 0.577
16690 391.0 -5.643 0.611
16700 391.0 -5.383 0.208
16710 391.0 -5.407 -0.295
16720 391.0 -5.157 -0.409
16730 391.0 -4.916 -0.483
16740 391.0 -4.657 -0.700
16750 391.0 -4.325 -0.892
16760 391.0 -4.036 -0.988
16590 392.0 -5.464 -1.319
16600 392.0 -5.433 -0.870
16610 392.0 -5.230 -0.630
16620 392.0 -5.015 -0.358
16630 392.0 -5.040 0.034
16640 392.0 -4.710 0.295
16650 392.0 -4.522 0.492
16660 392.0 -4.518 0.665
16670 392.0 -4.563 1.046
16680 392.0 -4.348 1.475
16690 392.0 -4.112 1.581
16700 392.0 -3.969 1.840
16710 392.0 -3.796 2.289
16720 392.0 -3.535 2.493
16730 392.0 -3.433 2.690
16740 392.0 -3.346 3.168
16750 392.0 -3.178 3.148
16760 392.0 -3.099 3.365
16770 392.0 -3.038 3.375
16780 392.0 -3.073 3.309
17620 412.0 1.868 -3.825
17630 412.0 1.098 -3.930
17640 412.0 0.771 -3.495
17650 412.0 0.295 -2.908
17660 412.0 -0.079 -2.478
17670 412.0 -0.772 -2.075
17680 412.0 -1.383 -1.856
17690 412.0 -1.546 -1.693
17700 412.0 -2.161 -0.861
17710 412.0 -2.851 -0.966
17720 412.0 -3.225 -0.356
17730 412.0 -3.589 -0.072
17740 412.0 -3.830 0.237
17750 412.0 -4.596 0.633
17760 412.0 -5.302 0.881
17770 412.0 -5.685 1.412
17780 412.0 -6.228 1.645
17790 412.0 -6.702 1.953
17800 412.0 -7.425 2.380
17810 412.0 -7.579 2.521
17750 413.0 -8.519 4.129
17760 413.0 -8.146 3.733
17770 413.0 -7.440 3.549
17780 413.0 -6.751 3.083
17790 413.0 -6.550 2.833
17800 413.0 -6.165 2.258
17810 413.0 -5.505 1.856
17820 413.0 -5.218 1.387
17830 413.0 -4.811 1.025
17840 413.0 -4.255 0.452
17850 413.0 -3.811 0.076
17860 413.0 -3.449 -0.430
17870 413.0 -3.199 -1.053
17880 413.0 -2.670 -1.243
17890 413.0 -2.084 -1.840
17900 413.0 -1.680 -2.355
17910 413.0 -0.937 -2.542
17920 413.0 -0.756 -3.039
17930 413.0 -0.230 -3.303
17940 413.0 0.137 -3.879
17770 414.0 -10.097 2.704
17780 414.0 -9.592 2.519
17790 414.0 -9.170 2.187
17800 414.0 -8.573 1.919
17810 414.0 -7.699 1.562
17820 414.0 -7.453 1.108
17830 414.0 -6.772 0.861
17840 414.0 -6.321 0.327
17850 414.0 -5.729 -0.022
17860 414.0 -5.027 -0.281
17870 414.0 -4.490 -0.598
17880 414.0 -3.867 -0.703
17890 414.0 -3.323 -1.483
17900 414.0 -3.177 -1.634
17910 414.0 -2.468 -1.750
17920 414.0 -2.464 -1.895
17930 414.0 -1.609 -2.329
17940 414.0 -1.087 -2.454
17950 414.0 -0.739 -2.681
17960 414.0 -0.050 -3.350
