0 49.0 4.303 -6.944
2 49.0 4.284 -7.326
4 49.0 4.301 -7.488
6 49.0 3.993 -7.622
8 49.0 3.805 -7.752
10 49.0 3.425 -7.868
12 49.0 3.340 -8.218
14 49.0 2.960 -8.395
16 49.0 2.682 -8.517
18 49.0 2.308 -8.773
20 49.0 2.163 -8.650
22 49.0 1.850 -8.944
24 49.0 1.697 -8.751
26 49.0 1.862 -8.693
28 49.0 1.521 -8.698
30 49.0 1.751 -8.684
32 49.0 1.471 -8.814
34 49.0 1.221 -8.795
36 49.0 1.337 -8.917
38 49.0 1.456 -8.957
0 93.0 -0.944 -12.722
2 93.0 -0.761 -12.577
4 93.0 -0.514 -12.204
6 93.0 -0.187 -12.196
8 93.0 -0.042 -11.921
10 93.0 0.172 -11.787
12 93.0 0.340 -11.396
14 93.0 0.715 -11.248
16 93.0 0.971 -11.051
18 93.0 0.969 -10.806
20 93.0 0.943 -10.468
22 93.0 1.278 -10.291
24 93.0 1.309 -10.239
26 93.0 1.350 -10.058
28 93.0 1.540 -10.085
30 93.0 1.592 -10.020
32 93.0 1.597 -9.993
34 93.0 1.622 -9.788
36 93.0 1.614 -9.833
38 93.0 1.695 -9.834
0 105.0 6.662 -14.268
2 105.0 6.229 -14.079
4 105.0 5.965 -14.140
6 105.0 5.809 -14.260
8 105.0 5.351 -14.025
10 105.0 4.712 -13.915
12 105.0 4.485 -13.482
14 105.0 4.252 -13.759
16 105.0 3.664 -13.708
18 105.0 3.310 -13.742
20 105.0 3.105 -13.356
22 105.0 2.846 -13.071
24 105.0 2.305 -12.744
26 105.0 2.053 -12.672
28 105.0 2.113 -12.429
30 105.0 2.267 -12.193
32 105.0 2.112 -11.692
34 105.0 2.542 -11.592
36 105.0 2.404 -11.176
38 105.0 2.645 -10.794
16 65.0 7.139 -17.710
18 65.0 6.969 -17.510
20 65.0 6.908 -17.332
22 65.0 6.771 -16.981
24 65.0 6.473 -16.724
26 65.0 6.589 -16.594
28 65.0 6.197 -16.386
30 65.0 6.002 -16.189
32 65.0 5.736 -15.733
34 65.0 5.678 -15.645
36 65.0 5.488 -15.299
38 65.0 5.305 -14.940
40 65.0 5.272 -14.775
42 65.0 5.058 -14.642
44 65.0 4.806 -14.061
46 65.0 4.651 -13.873
48 65.0 4.341 -13.462
50 65.0 4.240 -13.066
52 65.0 3.971 -12.890
54 65.0 3.939 -12.483
22 73.0 7.249 -16.424
24 73.0 7.252 -16.256
26 73.0 6.974 -16.167
28 73.0 6.938 -15.815
30 73.0 6.810 -15.764
32 73.0 6.521 -15.295
34 73.0 6.170 -15.122
36 73.0 6.272 -14.770
38 73.0 5.767 -14.753
40 73.0 5.862 -14.507
42 73.0 5.618 -13.923
44 73.0 5.511 -13.919
46 73.0 5.356 -13.506
48 73.0 5.269 -13.291
50 73.0 5.304 -13.177
52 73.0 5.028 -12.684
54 73.0 4.687 -12.304
56 73.0 4.452 -12.092
58 73.0 4.464 -11.852
60 73.0 4.104 -11.656
40 50.0 1.445 -8.922
42 50.0 1.261 -9.062
44 50.0 1.352 -9.019
46 50.0 1.467 -9.012
48 50.0 1.468 -9.111
50 50.0 1.333 -9.149
52 50.0 1.242 -8.906
54 50.0 1.420 -8.975
56 50.0 1.358 -8.964
58 50.0 1.245 -9.011
60 50.0 1.362 -9.135
62 50.0 1.377 -9.084
64 50.0 1.452 -9.140
66 50.0 1.224 -9.108
68 50.0 1.247 -9.193
70 50.0 1.238 -9.120
72 50.0 1.323 -9.063
74 50.0 1.343 -9.033
76 50.0 1.452 -9.125
78 50.0 1.225 -9.111
40 94.0 1.894 -9.593
42 94.0 1.770 -9.628
44 94.0 1.899 -9.571
46 94.0 1.947 -9.651
48 94.0 1.987 -9.683
50 94.0 1.947 -9.721
52 94.0 1.915 -9.589
54 94.0 1.923 -9.593
56 94.0 1.872 -9.659
58 94.0 1.871 -9.642
60 94.0 1.931 -9.654
62 94.0 1.935 -9.751
64 94.0 2.046 -9.621
66 94.0 2.002 -9.661
68 94.0 2.000 -9.636
70 94.0 1.969 -9.709
72 94.0 2.004 -9.797
74 94.0 2.050 -9.721
76 94.0 2.032 -9.753
78 94.0 2.115 -9.704
40 106.0 2.637 -10.570
42 106.0 2.705 -10.195
44 106.0 2.696 -9.549
46 106.0 2.927 -9.337
48 106.0 2.824 -8.777
50 106.0 2.931 -8.550
52 106.0 2.516 -7.998
54 106.0 2.082 -8.244
56 106.0 1.843 -7.823
58 106.0 1.555 -7.782
60 106.0 1.188 -7.545
62 106.0 0.983 -7.330
64 106.0 0.330 -7.366
66 106.0 0.214 -7.162
68 106.0 -0.265 -7.174
70 106.0 -0.745 -7.017
72 106.0 -0.970 -7.210
74 106.0 -1.212 -6.984
76 106.0 -1.544 -7.024
78 106.0 -1.408 -7.401
42 81.0 7.160 -17.720
44 81.0 7.351 -17.510
46 81.0 6.941 -17.094
48 81.0 6.789 -16.812
50 81.0 6.728 -16.512
52 81.0 6.563 -16.290
54 81.0 6.296 -15.987
56 81.0 6.163 -15.679
58 81.0 6.027 -15.471
60 81.0 5.951 -15.100
62 81.0 5.872 -15.004
64 81.0 5.574 -14.531
66 81.0 5.701 -14.152
68 81.0 5.416 -14.004
70 81.0 5.539 -13.431
72 81.0 5.693 -13.109
74 81.0 5.479 -12.738
76 81.0 5.616 -12.597
78 81.0 5.375 -12.065
80 81.0 5.646 -11.409
56 66.0 3.736 -12.385
58 66.0 3.730 -12.534
60 66.0 3.709 -12.137
62 66.0 3.481 -11.764
64 66.0 3.364 -11.412
66 66.0 3.058 -11.256
68 66.0 2.835 -10.874
70 66.0 2.841 -10.620
72 66.0 2.823 -10.403
74 66.0 2.836 -10.219
76 66.0 2.977 -9.775
78 66.0 2.917 -9.370
80 66.0 3.022 -8.892
82 66.0 3.224 -8.710
84 66.0 2.912 -8.395
86 66.0 3.295 -7.888
88 66.0 3.051 -7.764
90 66.0 3.482 -7.541
92 66.0 3.446 -7.170
94 66.0 3.578 -6.798
62 74.0 4.011 -11.401
64 74.0 3.914 -10.988
66 74.0 3.889 -11.053
68 74.0 3.795 -10.599
70 74.0 3.721 -10.383
72 74.0 3.749 -10.067
74 74.0 3.716 -9.850
76 74.0 3.666 -9.389
78 74.0 3.572 -9.149
80 74.0 3.558 -8.955
82 74.0 3.659 -8.551
84 74.0 3.737 -8.261
86 74.0 3.795 -8.032
88 74.0 3.814 -7.820
90 74.0 3.984 -7.479
92 74.0 4.199 -7.303
94 74.0 4.219 -7.103
96 74.0 4.430 -6.829
98 74.0 4.534 -6.486
100 74.0 4.766 -5.970
80 51.0 1.281 -9.107
82 51.0 1.374 -8.988
84 51.0 1.209 -9.092
86 51.0 1.460 -9.210
88 51.0 1.188 -9.041
90 51.0 1.400 -9.001
92 51.0 1.349 -9.143
94 51.0 1.512 -9.002
96 51.0 1.570 -9.059
98 51.0 1.563 -8.912
100 51.0 1.433 -8.939
102 51.0 1.407 -8.877
104 51.0 1.490 -8.908
106 51.0 1.363 -8.902
108 51.0 1.377 -8.795
110 51.0 1.421 -8.800
112 51.0 1.251 -8.915
114 51.0 1.389 -9.086
116 51.0 1.306 -9.193
118 51.0 1.254 -9.095
80 95.0 1.934 -9.911
82 95.0 1.985 -9.796
84 95.0 2.079 -9.811
86 95.0 1.838 -9.790
88 95.0 2.064 -9.779
90 95.0 2.020 -9.609
92 95.0 2.044 -9.511
94 95.0 2.281 -9.648
96 95.0 2.364 -9.416
98 95.0 2.443 -9.365
100 95.0 2.445 -9.689
102 95.0 2.385 -9.504
104 95.0 2.185 -9.490
106 95.0 2.543 -9.514
108 95.0 2.597 -9.441
110 95.0 2.340 -9.675
112 95.0 2.529 -9.365
114 95.0 2.433 -9.344
116 95.0 2.345 -9.506
118 95.0 2.196 -9.364
80 107.0 -1.257 -7.541
82 107.0 -1.345 -7.702
84 107.0 -1.124 -7.964
86 107.0 -1.081 -8.414
88 107.0 -0.872 -8.648
90 107.0 -0.556 -8.979
92 107.0 -0.335 -9.303
94 107.0 -0.049 -9.588
96 107.0 0.249 -9.908
98 107.0 0.519 -10.167
100 107.0 0.920 -10.278
102 107.0 1.167 -10.606
104 107.0 1.567 -10.746
106 107.0 1.774 -10.959
108 107.0 2.060 -11.130
110 107.0 2.347 -11.224
112 107.0 2.618 -11.327
114 107.0 3.085 -11.563
116 107.0 3.288 -11.812
118 107.0 3.813 -12.003
82 82.0 5.401 -11.361
84 82.0 5.339 -10.870
86 82.0 5.323 -10.351
88 82.0 5.497 -10.018
90 82.0 5.701 -9.760
92 82.0 5.740 -9.342
94 82.0 5.808 -9.086
96 82.0 5.972 -8.647
98 82.0 5.980 -8.024
100 82.0 6.178 -7.915
102 82.0 6.500 -7.490
104 82.0 6.537 -7.107
106 82.0 6.871 -6.777
108 82.0 6.928 -6.171
110 82.0 7.208 -5.868
112 82.0 7.416 -5.667
114 82.0 7.419 -5.365
116 82.0 7.917 -5.018
118 82.0 8.075 -4.960
120 82.0 8.395 -4.526
96 67.0 3.856 -6.461
98 67.0 4.078 -6.292
100 67.0 4.180 -5.850
102 67.0 4.217 -5.547
104 67.0 4.315 -5.369
106 67.0 4.613 -5.117
108 67.0 4.802 -4.886
110 67.0 4.958 -4.566
112 67.0 5.192 -4.258
114 67.0 5.350 -4.007
116 67.0 5.416 -3.906
118 67.0 5.671 -3.688
120 67.0 5.932 -3.335
122 67.0 6.048 -3.011
124 67.0 6.334 -2.935
126 67.0 6.544 -2.660
128 67.0 6.748 -2.403
130 67.0 6.797 -2.156
132 67.0 7.143 -1.916
134 67.0 7.310 -1.565
102 75.0 4.870 -5.829
104 75.0 5.014 -5.548
106 75.0 5.403 -5.162
108 75.0 5.515 -5.170
110 75.0 5.569 -5.007
112 75.0 5.904 -4.757
114 75.0 6.151 -4.724
116 75.0 6.225 -4.076
118 75.0 6.220 -4.091
120 75.0 6.692 -3.683
122 75.0 6.753 -3.645
124 75.0 6.820 -3.313
126 75.0 7.223 -3.142
128 75.0 7.399 -2.814
130 75.0 7.527 -2.683
132 75.0 7.568 -2.276
134 75.0 7.606 -2.369
136 75.0 7.842 -1.906
138 75.0 8.217 -1.899
140 75.0 8.279 -1.357
114 98.0 8.427 -13.881
116 98.0 8.127 -13.670
118 98.0 8.105 -13.390
120 98.0 7.783 -13.304
122 98.0 7.462 -12.902
124 98.0 7.073 -12.813
126 98.0 6.738 -12.341
128 98.0 6.396 -12.194
130 98.0 6.053 -11.863
132 98.0 5.821 -11.801
134 98.0 5.575 -11.267
136 98.0 5.223 -11.096
138 98.0 4.868 -10.815
140 98.0 4.694 -10.554
142 98.0 4.342 -10.240
144 98.0 4.035 -9.863
146 98.0 3.556 -9.615
148 98.0 3.356 -9.420
150 98.0 2.847 -9.209
152 98.0 2.521 -8.975
120 52.0 1.301 -9.242
122 52.0 1.422 -9.523
124 52.0 1.755 -9.495
126 52.0 1.676 -9.579
128 52.0 1.715 -9.524
130 52.0 1.335 -9.582
132 52.0 1.541 -9.871
134 52.0 1.636 -9.863
136 52.0 1.438 -10.204
138 52.0 1.500 -10.287
140 52.0 1.568 -10.113
142 52.0 1.549 -10.578
144 52.0 1.542 -10.483
146 52.0 1.771 -10.262
148 52.0 1.848 -10.799
150 52.0 1.800 -10.730
152 52.0 1.885 -10.902
154 52.0 1.994 -11.595
156 52.0 2.306 -11.495
158 52.0 2.273 -11.716
120 96.0 2.168 -9.304
122 96.0 2.116 -9.534
124 96.0 2.272 -9.540
126 96.0 2.209 -9.454
128 96.0 2.273 -9.436
130 96.0 2.519 -9.444
132 96.0 2.096 -9.501
134 96.0 2.334 -9.693
136 96.0 2.354 -9.795
138 96.0 2.100 -9.617
140 96.0 2.375 -9.790
142 96.0 2.373 -10.086
144 96.0 2.501 -9.881
146 96.0 2.420 -10.061
148 96.0 2.728 -10.260
150 96.0 2.731 -10.840
152 96.0 2.698 -10.741
154 96.0 2.854 -11.118
156 96.0 3.103 -11.229
158 96.0 3.129 -11.058
122 83.0 8.544 -4.280
124 83.0 8.798 -4.015
126 83.0 8.960 -3.741
128 83.0 9.285 -3.475
130 83.0 9.322 -3.128
132 83.0 9.418 -2.983
134 83.0 9.719 -2.699
136 83.0 9.843 -2.558
138 83.0 10.172 -2.280
140 83.0 10.371 -2.008
142 83.0 10.340 -1.837
144 83.0 10.499 -1.628
146 83.0 10.614 -1.598
148 83.0 10.490 -1.645
150 83.0 10.476 -1.516
152 83.0 10.426 -1.553
154 83.0 10.248 -1.685
156 83.0 10.055 -1.911
158 83.0 9.704 -2.093
160 83.0 9.474 -2.304
134 100.0 7.734 -15.689
136 100.0 7.554 -15.315
138 100.0 7.329 -15.327
140 100.0 7.078 -14.900
142 100.0 6.755 -14.796
144 100.0 6.418 -14.620
146 100.0 6.226 -14.200
148 100.0 5.946 -13.882
150 100.0 5.565 -13.769
152 100.0 5.264 -13.521
154 100.0 5.044 -13.286
156 100.0 4.834 -13.394
158 100.0 4.554 -13.046
160 100.0 4.209 -13.039
162 100.0 3.861 -13.076
164 100.0 3.475 -12.863
166 100.0 3.417 -12.739
168 100.0 3.029 -12.618
170 100.0 2.741 -12.366
172 100.0 2.439 -12.415
136 68.0 7.445 -1.448
138 68.0 7.651 -0.979
140 68.0 7.791 -0.839
142 68.0 7.963 -0.728
144 68.0 8.118 -0.525
146 68.0 8.284 -0.234
148 68.0 8.491 -0.144
150 68.0 8.722 0.067
152 68.0 8.859 0.203
154 68.0 8.982 0.512
156 68.0 9.174 0.593
158 68.0 9.151 0.699
160 68.0 9.266 0.633
162 68.0 9.516 0.917
164 68.0 9.538 0.910
166 68.0 9.754 1.067
168 68.0 9.843 0.924
170 68.0 9.995 1.479
172 68.0 10.072 1.334
174 68.0 10.201 1.477
142 76.0 8.494 -1.447
144 76.0 8.634 -1.325
146 76.0 8.776 -0.996
148 76.0 8.893 -0.637
150 76.0 9.071 -0.577
152 76.0 9.257 -0.004
154 76.0 9.582 0.037
156 76.0 9.852 0.258
158 76.0 9.878 0.422
160 76.0 10.165 0.602
162 76.0 10.252 0.851
164 76.0 10.275 1.218
166 76.0 10.378 1.358
168 76.0 10.563 1.349
170 76.0 10.823 1.660
172 76.0 10.893 1.755
174 76.0 10.847 2.010
176 76.0 11.017 1.926
178 76.0 11.057 1.830
180 76.0 11.091 1.884
154 99.0 2.151 -8.912
156 99.0 1.756 -8.588
158 99.0 1.366 -8.309
160 99.0 0.845 -8.057
162 99.0 0.456 -7.923
164 99.0 0.310 -7.803
166 99.0 -0.221 -7.601
168 99.0 -0.451 -7.433
170 99.0 -0.687 -7.120
172 99.0 -1.423 -7.132
174 99.0 -1.716 -6.830
176 99.0 -2.194 -6.524
178 99.0 -2.754 -6.358
180 99.0 -2.848 -6.129
182 99.0 -3.182 -6.114
184 99.0 -3.600 -5.800
186 99.0 -4.082 -5.655
188 99.0 -4.584 -5.392
190 99.0 -4.835 -5.364
192 99.0 -5.067 -5.070
160 53.0 2.491 -11.891
162 53.0 2.485 -11.895
164 53.0 2.778 -11.917
166 53.0 2.771 -12.208
168 53.0 3.077 -12.310
170 53.0 3.036 -12.114
172 53.0 3.236 -12.700
174 53.0 3.264 -12.696
176 53.0 3.475 -12.786
178 53.0 3.856 -12.964
180 53.0 3.849 -13.196
182 53.0 4.030 -13.534
184 53.0 4.193 -13.788
186 53.0 4.608 -14.011
188 53.0 4.637 -14.627
190 53.0 4.953 -14.980
192 53.0 4.993 -15.119
194 53.0 5.036 -15.393
196 53.0 5.398 -15.569
198 53.0 5.416 -15.952
160 97.0 3.399 -11.266
162 97.0 3.554 -11.863
164 97.0 3.592 -11.706
166 97.0 3.651 -11.880
168 97.0 4.074 -12.068
170 97.0 4.294 -12.023
172 97.0 4.491 -12.367
174 97.0 4.525 -12.418
176 97.0 4.952 -12.672
178 97.0 4.941 -12.820
180 97.0 5.414 -12.982
182 97.0 5.762 -13.047
184 97.0 5.772 -13.479
186 97.0 6.266 -13.630
188 97.0 6.504 -13.733
190 97.0 6.797 -13.980
192 97.0 6.967 -14.232
194 97.0 6.757 -14.392
196 97.0 7.145 -14.730
198 97.0 7.182 -14.829
162 84.0 9.173 -2.443
164 84.0 8.970 -2.524
166 84.0 8.737 -2.868
168 84.0 8.271 -3.104
170 84.0 8.241 -3.148
172 84.0 7.819 -3.429
174 84.0 7.741 -3.570
176 84.0 7.336 -3.361
178 84.0 7.159 -3.919
180 84.0 7.067 -4.124
182 84.0 6.608 -4.355
184 84.0 6.301 -4.439
186 84.0 5.918 -4.701
188 84.0 5.892 -4.832
190 84.0 5.484 -5.218
192 84.0 5.142 -5.283
194 84.0 4.893 -5.692
196 84.0 4.623 -5.878
198 84.0 4.313 -5.808
200 84.0 4.128 -6.014
174 101.0 2.251 -12.421
176 101.0 1.680 -12.419
178 101.0 1.388 -11.953
180 101.0 1.145 -11.925
182 101.0 1.089 -11.690
184 101.0 0.611 -11.420
186 101.0 0.458 -11.133
188 101.0 -0.042 -11.100
190 101.0 -0.147 -10.777
192 101.0 -0.700 -10.511
194 101.0 -1.200 -10.485
196 101.0 -1.286 -10.217
198 101.0 -1.632 -10.011
200 101.0 -2.330 -9.818
202 101.0 -2.275 -9.374
204 101.0 -2.676 -9.166
206 101.0 -2.987 -8.730
208 101.0 -3.293 -8.877
210 101.0 -3.462 -8.540
212 101.0 -4.306 -8.531
176 69.0 10.274 1.397
178 69.0 10.303 1.290
180 69.0 10.294 1.744
182 69.0 10.186 1.798
184 69.0 10.385 1.895
186 69.0 10.470 2.325
188 69.0 10.641 2.126
190 69.0 10.510 2.057
192 69.0 10.375 2.056
194 69.0 10.843 1.815
196 69.0 10.720 2.163
198 69.0 10.485 1.772
200 69.0 10.452 2.027
202 69.0 10.435 2.010
204 69.0 10.103 1.958
206 69.0 9.960 1.642
208 69.0 10.210 1.780
210 69.0 9.944 1.141
212 69.0 9.900 1.354
214 69.0 9.864 1.434
182 77.0 11.061 1.870
184 77.0 11.163 1.945
186 77.0 11.110 1.828
188 77.0 11.193 1.853
190 77.0 11.271 1.835
192 77.0 11.240 1.948
194 77.0 11.060 1.945
196 77.0 11.036 1.713
198 77.0 11.027 1.740
200 77.0 10.930 1.667
202 77.0 10.917 1.489
204 77.0 10.840 1.432
206 77.0 10.800 1.397
208 77.0 10.728 1.587
210 77.0 10.709 1.233
212 77.0 10.608 1.013
214 77.0 10.508 1.003
216 77.0 10.501 0.876
218 77.0 10.313 0.658
220 77.0 10.207 0.297
200 54.0 5.666 -16.177
202 54.0 5.933 -16.427
204 54.0 6.031 -17.121
206 54.0 5.925 -17.071
208 54.0 6.011 -17.369
210 54.0 5.893 -17.896
212 54.0 5.791 -18.165
214 54.0 5.473 -18.193
216 54.0 5.528 -17.938
218 54.0 5.393 -18.112
220 54.0 4.986 -18.104
222 54.0 4.744 -17.799
224 54.0 4.589 -17.717
226 54.0 4.443 -17.549
228 54.0 4.169 -17.225
230 54.0 3.929 -17.094
232 54.0 3.759 -16.627
234 54.0 3.473 -16.360
236 54.0 3.485 -16.034
238 54.0 3.207 -15.708
202 85.0 3.807 -6.446
204 85.0 3.347 -6.391
206 85.0 3.203 -6.544
208 85.0 2.974 -6.753
210 85.0 2.644 -6.764
212 85.0 2.206 -6.850
214 85.0 1.968 -7.195
216 85.0 1.817 -7.346
218 85.0 1.507 -7.283
220 85.0 1.062 -7.564
222 85.0 0.649 -7.467
224 85.0 0.292 -7.324
226 85.0 0.148 -7.336
228 85.0 -0.268 -7.233
230 85.0 -0.533 -7.166
232 85.0 -0.888 -7.049
234 85.0 -1.149 -6.759
236 85.0 -1.347 -6.610
238 85.0 -1.696 -6.432
240 85.0 -2.086 -6.366
214 102.0 -4.277 -8.342
216 102.0 -4.708 -8.297
218 102.0 -4.792 -8.210
220 102.0 -4.987 -7.765
222 102.0 -5.637 -7.833
224 102.0 -6.021 -7.963
226 102.0 -6.177 -7.426
228 102.0 -6.528 -7.286
230 102.0 -6.887 -7.484
232 102.0 -6.791 -7.183
234 102.0 -7.264 -7.109
236 102.0 -6.992 -7.173
238 102.0 -7.208 -6.989
240 102.0 -7.191 -7.099
242 102.0 -6.997 -6.995
244 102.0 -6.960 -7.127
246 102.0 -7.107 -7.045
248 102.0 -7.249 -6.834
250 102.0 -7.291 -6.890
252 102.0 -7.213 -6.939
216 70.0 9.774 0.965
218 70.0 9.669 0.893
220 70.0 9.674 0.601
222 70.0 9.345 0.311
224 70.0 9.437 0.500
226 70.0 9.312 0.108
228 70.0 9.196 -0.263
230 70.0 9.057 -0.388
232 70.0 8.835 -0.731
234 70.0 8.874 -1.038
236 70.0 8.984 -0.999
238 70.0 8.758 -1.287
240 70.0 8.876 -1.453
242 70.0 8.487 -1.781
244 70.0 8.514 -1.708
246 70.0 8.361 -1.929
248 70.0 8.412 -2.075
250 70.0 8.216 -2.129
252 70.0 8.135 -2.003
254 70.0 8.118 -2.621
222 78.0 10.186 0.298
224 78.0 9.945 -0.188
226 78.0 9.913 0.004
228 78.0 9.856 -0.350
230 78.0 9.784 -0.344
232 78.0 9.382 -0.571
234 78.0 9.504 -0.997
236 78.0 9.446 -1.182
238 78.0 9.390 -1.135
240 78.0 9.532 -1.407
242 78.0 9.309 -1.805
244 78.0 9.166 -1.891
246 78.0 9.106 -1.867
248 78.0 9.148 -1.912
250 78.0 9.081 -2.359
252 78.0 8.766 -2.419
254 78.0 8.639 -2.671
256 78.0 8.449 -3.110
258 78.0 8.336 -2.987
260 78.0 8.341 -3.198
224 1.0 7.859 -13.854
226 1.0 7.747 -13.637
228 1.0 7.621 -13.402
230 1.0 7.424 -12.894
232 1.0 7.199 -12.677
234 1.0 6.969 -12.564
236 1.0 6.732 -11.917
238 1.0 6.484 -11.908
240 1.0 6.327 -11.308
242 1.0 5.972 -11.040
244 1.0 5.941 -10.818
246 1.0 5.634 -10.585
248 1.0 5.365 -10.362
250 1.0 5.163 -9.922
252 1.0 4.896 -9.891
254 1.0 4.613 -9.586
256 1.0 4.319 -9.242
258 1.0 4.144 -9.246
260 1.0 3.792 -9.009
262 1.0 3.693 -8.718
232 89.0 6.966 -17.685
234 89.0 6.768 -17.644
236 89.0 6.579 -17.231
238 89.0 6.663 -17.214
240 89.0 6.452 -16.893
242 89.0 6.169 -16.740
244 89.0 5.994 -16.642
246 89.0 5.939 -16.279
248 89.0 5.856 -15.923
250 89.0 5.525 -15.778
252 89.0 5.371 -15.569
254 89.0 5.194 -15.324
256 89.0 4.842 -14.830
258 89.0 4.715 -15.186
260 89.0 4.570 -14.704
262 89.0 4.263 -14.849
264 89.0 3.970 -14.750
266 89.0 3.842 -14.582
268 89.0 3.610 -14.688
270 89.0 3.185 -14.503
240 55.0 2.734 -15.630
242 55.0 2.657 -15.215
244 55.0 2.460 -14.889
246 55.0 2.046 -14.633
248 55.0 2.084 -14.434
250 55.0 1.853 -14.073
252 55.0 1.526 -13.761
254 55.0 1.278 -13.694
256 55.0 1.092 -13.198
258 55.0 0.854 -12.873
260 55.0 0.639 -12.448
262 55.0 0.455 -12.063
264 55.0 0.136 -11.858
266 55.0 -0.092 -11.530
268 55.0 -0.439 -11.329
270 55.0 -0.401 -11.000
272 55.0 -0.559 -10.682
274 55.0 -0.839 -10.327
276 55.0 -0.882 -10.036
278 55.0 -1.154 -9.847
242 86.0 -2.224 -6.152
244 86.0 -2.478 -6.066
246 86.0 -3.007 -5.828
248 86.0 -3.157 -5.720
250 86.0 -3.268 -5.481
252 86.0 -3.628 -5.513
254 86.0 -3.549 -5.350
256 86.0 -3.945 -5.155
258 86.0 -3.969 -5.015
260 86.0 -4.316 -4.776
262 86.0 -4.602 -4.579
264 86.0 -4.705 -4.306
266 86.0 -5.063 -4.192
268 86.0 -5.285 -3.976
270 86.0 -5.352 -3.887
272 86.0 -5.815 -4.023
274 86.0 -5.867 -3.395
276 86.0 -5.860 -3.711
278 86.0 -5.950 -3.840
280 86.0 -5.721 -3.867
256 71.0 8.238 -2.567
258 71.0 7.966 -2.751
260 71.0 7.744 -2.828
262 71.0 7.606 -3.331
264 71.0 7.367 -3.222
266 71.0 7.716 -3.489
268 71.0 7.227 -3.818
270 71.0 7.236 -3.910
272 71.0 7.053 -4.053
274 71.0 6.809 -4.344
276 71.0 7.170 -4.641
278 71.0 7.003 -4.758
280 71.0 6.730 -4.803
282 71.0 6.797 -5.001
284 71.0 6.643 -5.220
286 71.0 6.801 -5.428
288 71.0 6.774 -5.615
290 71.0 6.451 -6.029
292 71.0 6.465 -6.073
294 71.0 6.517 -6.317
262 79.0 8.335 -3.415
264 79.0 8.295 -3.701
266 79.0 8.013 -3.991
268 79.0 7.939 -3.952
270 79.0 7.638 -4.274
272 79.0 7.697 -4.455
274 79.0 7.748 -4.680
276 79.0 7.580 -4.890
278 79.0 7.352 -5.229
280 79.0 7.334 -5.313
282 79.0 7.670 -5.758
284 79.0 7.637 -5.869
286 79.0 7.051 -5.926
288 79.0 7.355 -5.871
290 79.0 7.373 -6.044
292 79.0 7.154 -6.224
294 79.0 7.077 -6.677
296 79.0 7.031 -6.690
298 79.0 7.005 -7.207
300 79.0 7.112 -7.371
264 2.0 3.279 -8.313
266 2.0 2.975 -8.183
268 2.0 2.796 -8.069
270 2.0 2.386 -7.780
272 2.0 2.127 -7.602
274 2.0 1.875 -7.447
276 2.0 1.737 -7.040
278 2.0 1.328 -7.005
280 2.0 0.904 -6.668
282 2.0 0.712 -6.531
284 2.0 0.253 -6.353
286 2.0 0.050 -6.068
288 2.0 -0.175 -5.915
290 2.0 -0.558 -5.880
292 2.0 -1.018 -5.545
294 2.0 -1.274 -5.674
296 2.0 -1.453 -5.451
298 2.0 -1.814 -5.522
300 2.0 -2.109 -5.310
302 2.0 -2.539 -5.397
272 90.0 3.157 -14.340
274 90.0 2.642 -13.782
276 90.0 2.752 -13.887
278 90.0 2.401 -13.710
280 90.0 2.306 -13.752
282 90.0 2.018 -13.314
284 90.0 1.733 -13.381
286 90.0 1.908 -12.971
288 90.0 1.510 -13.079
290 90.0 1.228 -13.059
292 90.0 1.077 -13.189
294 90.0 0.923 -12.769
296 90.0 0.790 -12.571
298 90.0 0.315 -12.272
300 90.0 0.425 -12.000
302 90.0 0.234 -11.848
304 90.0 0.127 -11.659
306 90.0 -0.573 -11.647
308 90.0 -0.354 -11.156
310 90.0 -0.842 -11.021
280 56.0 -1.027 -9.252
282 56.0 -1.400 -8.935
284 56.0 -1.267 -8.737
286 56.0 -1.222 -8.555
288 56.0 -1.149 -8.169
290 56.0 -1.310 -7.715
292 56.0 -1.339 -7.548
294 56.0 -1.265 -7.228
296 56.0 -0.921 -7.030
298 56.0 -0.849 -6.862
300 56.0 -0.662 -6.683
302 56.0 -0.359 -6.486
304 56.0 -0.078 -6.229
306 56.0 0.218 -6.281
308 56.0 0.348 -5.835
310 56.0 0.593 -5.921
312 56.0 1.140 -5.873
314 56.0 1.454 -5.893
316 56.0 1.896 -5.861
318 56.0 2.156 -5.744
282 87.0 -5.659 -4.323
284 87.0 -5.585 -4.480
286 87.0 -5.303 -4.627
288 87.0 -5.050 -4.702
290 87.0 -4.853 -5.067
292 87.0 -4.637 -5.397
294 87.0 -4.384 -5.574
296 87.0 -3.943 -5.945
298 87.0 -3.867 -6.085
300 87.0 -3.565 -6.456
302 87.0 -3.177 -6.476
304 87.0 -3.003 -6.712
306 87.0 -2.484 -6.771
308 87.0 -2.387 -7.097
310 87.0 -1.915 -7.259
312 87.0 -1.733 -7.503
314 87.0 -1.296 -7.582
316 87.0 -1.081 -7.926
318 87.0 -0.965 -7.793
320 87.0 -0.511 -8.290
296 72.0 6.409 -6.478
298 72.0 6.268 -6.811
300 72.0 6.276 -7.092
302 72.0 6.165 -7.397
304 72.0 6.277 -7.659
306 72.0 6.238 -8.178
308 72.0 5.907 -8.410
310 72.0 6.060 -8.603
312 72.0 6.212 -9.029
314 72.0 6.200 -9.193
316 72.0 6.084 -9.397
318 72.0 6.139 -9.803
320 72.0 6.039 -10.187
322 72.0 6.198 -10.519
324 72.0 6.196 -10.654
326 72.0 6.049 -10.925
328 72.0 6.204 -10.948
330 72.0 6.382 -11.544
332 72.0 6.272 -11.700
334 72.0 6.406 -11.971
302 80.0 6.993 -7.563
304 80.0 7.149 -7.839
306 80.0 7.079 -8.109
308 80.0 6.935 -8.502
310 80.0 6.912 -8.724
312 80.0 6.735 -9.057
314 80.0 6.794 -9.229
316 80.0 7.036 -9.456
318 80.0 6.862 -9.923
320 80.0 6.949 -9.822
322 80.0 6.907 -10.121
324 80.0 7.075 -10.276
326 80.0 6.919 -10.490
328 80.0 6.994 -10.953
330 80.0 7.172 -10.775
332 80.0 7.220 -11.469
334 80.0 7.276 -11.489
336 80.0 7.256 -11.854
338 80.0 7.093 -12.006
340 80.0 7.319 -12.324
304 3.0 -2.672 -5.545
306 3.0 -3.013 -5.419
308 3.0 -3.414 -5.666
310 3.0 -3.466 -5.816
312 3.0 -3.428 -5.865
314 3.0 -3.542 -6.375
316 3.0 -3.305 -6.554
318 3.0 -3.168 -6.715
320 3.0 -3.120 -6.944
322 3.0 -2.862 -6.997
324 3.0 -2.593 -7.194
326 3.0 -2.389 -7.314
328 3.0 -2.090 -7.386
330 3.0 -1.725 -7.497
332 3.0 -1.362 -7.649
334 3.0 -1.131 -7.728
336 3.0 -0.764 -7.786
338 3.0 -0.590 -7.961
340 3.0 -0.278 -8.117
342 3.0 0.071 -8.197
312 91.0 -0.739 -11.061
314 91.0 -0.949 -10.957
316 91.0 -1.026 -10.774
318 91.0 -1.090 -10.739
320 91.0 -1.108 -10.488
322 91.0 -1.162 -10.582
324 91.0 -0.897 -10.826
326 91.0 -0.790 -10.765
328 91.0 -0.618 -10.802
330 91.0 -0.375 -11.090
332 91.0 -0.181 -11.317
334 91.0 0.152 -11.380
336 91.0 0.222 -11.725
338 91.0 0.430 -12.019
340 91.0 0.718 -12.068
342 91.0 0.903 -12.223
344 91.0 1.163 -12.652
346 91.0 1.226 -12.664
348 91.0 1.631 -13.011
350 91.0 1.721 -13.335
320 57.0 2.265 -5.661
322 57.0 2.618 -5.679
324 57.0 3.052 -5.925
326 57.0 3.257 -5.697
328 57.0 3.430 -5.703
330 57.0 3.651 -5.673
332 57.0 3.991 -5.925
334 57.0 4.040 -6.178
336 57.0 3.814 -6.548
338 57.0 3.936 -7.023
340 57.0 3.641 -7.385
342 57.0 3.275 -7.617
344 57.0 3.158 -7.576
346 57.0 2.967 -7.889
348 57.0 2.543 -7.863
350 57.0 2.404 -7.867
352 57.0 2.514 -8.048
354 57.0 1.878 -8.336
356 57.0 1.820 -8.230
358 57.0 1.337 -7.953
322 88.0 -0.086 -8.410
324 88.0 -0.027 -8.353
326 88.0 0.388 -8.545
328 88.0 0.612 -8.858
330 88.0 0.962 -9.187
332 88.0 0.963 -9.276
334 88.0 1.499 -9.615
336 88.0 1.639 -9.556
338 88.0 1.903 -9.759
340 88.0 2.303 -9.823
342 88.0 2.636 -10.086
344 88.0 2.770 -10.269
346 88.0 2.942 -10.439
348 88.0 3.457 -10.954
350 88.0 3.413 -10.653
352 88.0 3.691 -11.114
354 88.0 4.131 -11.021
356 88.0 4.372 -10.925
358 88.0 4.615 -11.418
360 88.0 4.727 -11.509
344 4.0 0.211 -8.062
346 4.0 0.500 -8.509
348 4.0 0.888 -8.527
350 4.0 1.233 -8.534
352 4.0 1.691 -8.494
354 4.0 1.695 -8.730
356 4.0 2.074 -8.671
358 4.0 2.200 -8.896
360 4.0 2.738 -8.674
362 4.0 2.875 -8.718
364 4.0 3.354 -8.757
366 4.0 3.530 -8.485
368 4.0 3.433 -8.549
370 4.0 3.881 -8.446
372 4.0 4.102 -8.491
374 4.0 4.358 -8.093
376 4.0 4.472 -7.872
378 4.0 4.716 -7.498
380 4.0 4.985 -7.293
382 4.0 5.245 -6.984
352 92.0 2.053 -13.493
354 92.0 2.007 -13.811
356 92.0 2.375 -13.973
358 92.0 2.457 -14.189
360 92.0 2.736 -14.343
362 92.0 2.954 -14.482
364 92.0 2.991 -14.729
366 92.0 3.341 -14.994
368 92.0 3.459 -15.163
370 92.0 3.703 -15.272
372 92.0 3.608 -15.321
374 92.0 3.892 -15.513
376 92.0 4.109 -15.927
378 92.0 4.385 -16.196
380 92.0 4.664 -16.241
382 92.0 4.726 -16.328
384 92.0 4.982 -16.705
386 92.0 5.144 -16.863
388 92.0 5.498 -17.109
390 92.0 5.571 -17.199
360 58.0 1.459 -8.128
362 58.0 1.151 -8.137
364 58.0 0.870 -8.012
366 58.0 0.628 -7.994
368 58.0 0.447 -7.904
370 58.0 0.321 -8.086
372 58.0 0.019 -8.103
374 58.0 -0.156 -8.155
376 58.0 -0.452 -8.195
378 58.0 -0.615 -8.294
380 58.0 -0.886 -8.434
382 58.0 -0.921 -8.627
384 58.0 -1.200 -8.837
386 58.0 -1.122 -9.174
388 58.0 -1.330 -9.387
390 58.0 -1.287 -9.729
392 58.0 -1.065 -10.016
394 58.0 -1.124 -10.151
396 58.0 -0.986 -10.448
398 58.0 -0.865 -10.814
384 5.0 5.463 -6.827
386 5.0 5.724 -6.443
388 5.0 5.656 -6.175
390 5.0 6.026 -5.696
392 5.0 6.061 -5.547
394 5.0 6.439 -5.094
396 5.0 6.410 -4.964
398 5.0 6.712 -4.614
400 5.0 6.753 -4.390
402 5.0 6.765 -4.130
404 5.0 6.495 -4.137
406 5.0 6.670 -4.168
408 5.0 6.489 -4.106
410 5.0 6.493 -4.216
412 5.0 6.244 -4.157
414 5.0 6.292 -4.279
416 5.0 6.046 -4.360
418 5.0 5.988 -4.815
420 5.0 5.764 -4.861
422 5.0 5.521 -5.104
400 59.0 -0.631 -11.050
402 59.0 -0.607 -11.229
404 59.0 -0.417 -11.450
406 59.0 -0.293 -11.653
408 59.0 -0.202 -11.713
410 59.0 -0.212 -11.651
412 59.0 -0.195 -11.606
414 59.0 -0.202 -11.630
416 59.0 -0.188 -11.562
418 59.0 -0.192 -11.601
420 59.0 -0.179 -11.653
422 59.0 -0.159 -11.491
424 59.0 -0.057 -11.472
426 59.0 -0.152 -11.499
428 59.0 -0.094 -11.551
430 59.0 -0.204 -11.532
432 59.0 -0.225 -11.472
434 59.0 -0.009 -11.594
436 59.0 -0.030 -11.583
438 59.0 -0.166 -11.481
422 62.0 7.383 -17.136
424 62.0 7.352 -17.074
426 62.0 7.441 -17.044
428 62.0 7.091 -16.676
430 62.0 7.062 -16.427
432 62.0 6.429 -16.308
434 62.0 6.695 -16.273
436 62.0 6.201 -16.127
438 62.0 6.063 -16.029
440 62.0 5.930 -15.673
442 62.0 5.604 -15.796
444 62.0 5.356 -15.301
446 62.0 5.410 -14.991
448 62.0 5.161 -14.954
450 62.0 5.124 -14.626
452 62.0 4.882 -14.651
454 62.0 4.649 -14.533
456 62.0 4.470 -14.332
458 62.0 4.348 -14.104
460 62.0 4.020 -14.085
424 6.0 5.383 -5.331
426 6.0 5.219 -5.668
428 6.0 5.031 -6.085
430 6.0 4.760 -6.272
432 6.0 4.742 -6.628
434 6.0 4.603 -6.935
436 6.0 4.473 -7.051
438 6.0 4.323 -7.696
440 6.0 4.207 -7.983
442 6.0 4.224 -8.116
444 6.0 4.148 -8.450
446 6.0 3.923 -8.610
448 6.0 3.914 -9.068
450 6.0 3.867 -9.364
452 6.0 3.901 -9.483
454 6.0 4.052 -9.774
456 6.0 4.041 -10.252
458 6.0 4.034 -10.796
460 6.0 4.098 -11.132
462 6.0 4.302 -11.536
440 60.0 -0.110 -11.555
442 60.0 -0.240 -11.519
444 60.0 0.192 -11.442
446 60.0 0.134 -11.587
448 60.0 -0.163 -11.409
450 60.0 -0.136 -11.257
452 60.0 0.346 -11.539
454 60.0 0.489 -11.634
456 60.0 0.511 -11.782
458 60.0 0.568 -11.859
460 60.0 1.070 -12.266
462 60.0 1.078 -12.280
464 60.0 1.238 -12.565
466 60.0 1.710 -12.640
468 60.0 1.937 -12.877
470 60.0 2.248 -13.090
472 60.0 2.145 -13.285
474 60.0 2.444 -13.441
476 60.0 2.583 -13.619
478 60.0 2.890 -13.862
462 63.0 4.051 -13.666
464 63.0 3.738 -13.407
466 63.0 3.518 -13.256
468 63.0 3.618 -12.733
470 63.0 3.089 -12.696
472 63.0 2.985 -12.263
474 63.0 2.660 -12.122
476 63.0 2.583 -11.777
478 63.0 2.393 -11.795
480 63.0 2.192 -11.428
482 63.0 1.930 -11.090
484 63.0 1.799 -11.047
486 63.0 1.594 -10.764
488 63.0 1.477 -10.706
490 63.0 0.988 -10.458
492 63.0 0.915 -10.165
494 63.0 0.634 -10.307
496 63.0 0.424 -9.957
498 63.0 0.178 -9.860
500 63.0 0.054 -9.679
464 7.0 4.344 -11.945
466 7.0 4.476 -12.346
468 7.0 4.599 -12.756
470 7.0 4.670 -12.979
472 7.0 4.763 -13.432
474 7.0 4.839 -13.713
476 7.0 5.000 -14.080
478 7.0 5.089 -14.300
480 7.0 5.261 -14.572
482 7.0 5.318 -14.925
484 7.0 5.449 -15.127
486 7.0 5.361 -15.465
488 7.0 5.595 -15.788
490 7.0 5.489 -15.801
492 7.0 5.538 -15.898
494 7.0 5.656 -16.045
496 7.0 5.431 -16.296
498 7.0 5.538 -16.312
500 7.0 5.559 -16.489
502 7.0 5.574 -16.589
467 15.0 6.511 -19.136
469 15.0 6.225 -18.826
471 15.0 6.221 -18.552
473 15.0 5.927 -18.385
475 15.0 6.045 -17.907
477 15.0 5.870 -17.838
479 15.0 5.560 -17.589
481 15.0 5.571 -17.247
483 15.0 5.275 -17.118
485 15.0 5.291 -16.762
487 15.0 5.085 -16.616
489 15.0 5.080 -16.285
491 15.0 4.993 -16.231
493 15.0 5.000 -15.931
495 15.0 4.803 -15.678
497 15.0 4.905 -15.631
499 15.0 4.861 -15.199
501 15.0 4.949 -15.035
503 15.0 4.882 -14.759
505 15.0 4.751 -14.558
480 61.0 2.899 -13.982
482 61.0 3.070 -14.831
484 61.0 3.558 -14.772
486 61.0 3.438 -15.203
488 61.0 3.686 -15.240
490 61.0 3.897 -15.794
492 61.0 4.051 -15.876
494 61.0 4.064 -16.232
496 61.0 4.334 -16.424
498 61.0 4.530 -16.782
500 61.0 4.723 -17.188
502 61.0 4.971 -17.222
504 61.0 4.961 -17.706
506 61.0 5.350 -17.963
508 61.0 5.329 -18.310
510 61.0 5.723 -18.431
512 61.0 5.866 -18.561
514 61.0 6.283 -18.884
516 61.0 6.390 -19.296
518 61.0 6.583 -19.239
502 64.0 -0.263 -9.603
504 64.0 -0.604 -9.436
506 64.0 -0.663 -9.404
508 64.0 -0.974 -9.040
510 64.0 -1.275 -9.067
512 64.0 -1.339 -8.830
514 64.0 -1.467 -8.736
516 64.0 -1.618 -8.627
518 64.0 -1.860 -8.368
520 64.0 -2.191 -8.248
522 64.0 -2.385 -8.138
524 64.0 -2.575 -8.054
526 64.0 -2.567 -7.657
528 64.0 -2.792 -7.794
530 64.0 -3.041 -7.438
532 64.0 -3.227 -7.400
534 64.0 -3.599 -7.300
536 64.0 -3.780 -6.932
538 64.0 -3.875 -6.963
540 64.0 -4.174 -6.716
503 103.0 8.089 -14.734
505 103.0 8.124 -14.520
507 103.0 7.835 -14.621
509 103.0 7.835 -14.415
511 103.0 7.701 -14.347
513 103.0 7.545 -14.113
515 103.0 7.337 -13.785
517 103.0 7.140 -13.464
519 103.0 7.097 -13.195
521 103.0 6.885 -13.011
523 103.0 6.842 -12.913
525 103.0 6.670 -12.475
527 103.0 6.759 -12.031
529 103.0 6.444 -11.639
531 103.0 6.816 -11.281
533 103.0 6.242 -11.064
535 103.0 6.601 -10.884
537 103.0 6.482 -10.609
539 103.0 6.302 -10.526
541 103.0 6.536 -10.120
504 8.0 5.689 -16.518
506 8.0 5.711 -16.532
508 8.0 5.631 -16.600
510 8.0 5.715 -16.510
512 8.0 5.577 -16.528
514 8.0 5.796 -16.431
516 8.0 5.579 -16.661
518 8.0 5.631 -16.425
520 8.0 5.577 -16.315
522 8.0 5.832 -16.378
524 8.0 5.636 -16.386
526 8.0 5.675 -16.497
528 8.0 5.718 -16.851
530 8.0 5.989 -16.481
532 8.0 5.955 -16.818
534 8.0 5.822 -16.735
536 8.0 5.528 -17.131
538 8.0 5.884 -16.908
540 8.0 5.863 -16.929
542 8.0 5.806 -17.171
506 29.0 5.771 -22.982
508 29.0 5.518 -22.713
510 29.0 5.219 -22.716
512 29.0 4.870 -22.721
514 29.0 4.707 -22.475
516 29.0 4.102 -22.419
518 29.0 3.813 -22.365
520 29.0 3.543 -22.422
522 29.0 3.263 -22.274
524 29.0 2.902 -22.377
526 29.0 2.759 -21.928
528 29.0 2.333 -21.878
530 29.0 2.010 -21.607
532 29.0 1.782 -21.585
534 29.0 1.605 -21.489
536 29.0 1.191 -21.480
538 29.0 1.084 -21.438
540 29.0 0.808 -21.210
542 29.0 0.545 -21.351
544 29.0 0.485 -21.172
507 16.0 4.735 -14.217
509 16.0 4.586 -13.998
511 16.0 4.586 -13.993
513 16.0 4.433 -13.917
515 16.0 4.303 -13.527
517 16.0 4.054 -13.234
519 16.0 4.063 -12.973
521 16.0 3.645 -12.857
523 16.0 3.808 -12.477
525 16.0 3.641 -12.277
527 16.0 3.598 -11.935
529 16.0 3.584 -11.571
531 16.0 3.256 -11.301
533 16.0 3.191 -11.026
535 16.0 3.171 -10.917
537 16.0 2.934 -10.852
539 16.0 2.757 -10.342
541 16.0 2.946 -9.859
543 16.0 2.751 -9.890
545 16.0 2.337 -9.702
529 23.0 2.110 -22.623
531 23.0 1.765 -22.304
533 23.0 1.463 -22.326
535 23.0 0.982 -21.935
537 23.0 0.826 -21.848
539 23.0 0.262 -21.645
541 23.0 0.167 -21.592
543 23.0 -0.158 -21.537
545 23.0 -0.181 -21.528
547 23.0 -0.327 -21.342
549 23.0 -0.695 -21.383
551 23.0 -0.688 -21.204
553 23.0 -0.611 -21.081
555 23.0 -0.537 -20.975
557 23.0 -0.551 -21.101
559 23.0 -0.560 -21.224
561 23.0 -0.832 -20.825
563 23.0 -0.457 -20.604
565 23.0 -0.828 -20.395
567 23.0 -0.473 -20.364
543 104.0 6.582 -9.615
545 104.0 6.419 -9.463
547 104.0 6.509 -8.965
549 104.0 6.406 -8.643
551 104.0 6.448 -8.390
553 104.0 6.397 -8.192
555 104.0 6.400 -8.134
557 104.0 6.224 -7.911
559 104.0 6.153 -7.800
561 104.0 6.333 -7.664
563 104.0 6.452 -7.760
565 104.0 6.353 -7.569
567 104.0 6.218 -7.735
569 104.0 5.982 -7.890
571 104.0 6.042 -7.974
573 104.0 5.944 -8.036
575 104.0 5.912 -8.431
577 104.0 5.863 -8.794
579 104.0 6.012 -8.691
581 104.0 6.051 -9.013
544 9.0 5.714 -17.348
546 9.0 5.656 -17.598
548 9.0 5.692 -17.673
550 9.0 5.681 -17.840
552 9.0 5.646 -17.966
554 9.0 5.783 -18.144
556 9.0 5.584 -18.117
558 9.0 5.706 -18.088
560 9.0 5.620 -18.018
562 9.0 5.514 -17.948
564 9.0 5.638 -18.068
566 9.0 5.745 -18.102
568 9.0 5.631 -18.212
570 9.0 5.634 -17.968
572 9.0 5.747 -18.017
574 9.0 5.701 -18.079
576 9.0 5.663 -18.097
578 9.0 5.627 -17.957
580 9.0 5.611 -17.995
582 9.0 5.687 -18.096
546 30.0 0.263 -21.116
548 30.0 0.322 -21.001
550 30.0 0.156 -21.166
552 30.0 0.080 -21.078
554 30.0 -0.198 -21.293
556 30.0 -0.017 -21.279
558 30.0 -0.299 -21.574
560 30.0 -0.366 -21.768
562 30.0 -0.423 -21.833
564 30.0 -0.445 -21.960
566 30.0 -0.465 -22.031
568 30.0 -0.378 -22.267
570 30.0 -0.404 -22.367
572 30.0 -0.484 -22.605
574 30.0 -0.545 -22.649
576 30.0 -0.620 -22.601
578 30.0 -0.375 -22.705
580 30.0 -0.128 -22.752
582 30.0 0.107 -22.835
584 30.0 0.008 -22.681
547 17.0 2.340 -9.194
549 17.0 2.315 -8.993
551 17.0 2.149 -8.748
553 17.0 2.102 -8.278
555 17.0 1.790 -7.962
557 17.0 1.718 -7.588
559 17.0 1.563 -7.489
561 17.0 1.484 -7.075
563 17.0 1.229 -6.920
565 17.0 1.066 -6.559
567 17.0 0.797 -6.311
569 17.0 0.532 -6.209
571 17.0 0.325 -6.315
573 17.0 -0.018 -5.739
575 17.0 -0.230 -5.970
577 17.0 -0.414 -5.804
579 17.0 -0.599 -5.664
581 17.0 -0.876 -5.532
583 17.0 -1.132 -5.544
585 17.0 -1.426 -5.218
569 24.0 -0.526 -20.373
571 24.0 -0.590 -20.436
573 24.0 -0.466 -20.366
575 24.0 -0.470 -20.170
577 24.0 -0.468 -20.039
579 24.0 -0.304 -20.152
581 24.0 -0.077 -19.833
583 24.0 0.032 -19.740
585 24.0 0.409 -19.507
587 24.0 0.760 -19.287
589 24.0 1.189 -19.207
591 24.0 1.312 -18.987
593 24.0 1.774 -18.918
595 24.0 2.176 -18.759
597 24.0 2.335 -18.524
599 24.0 2.710 -18.466
601 24.0 2.840 -18.244
603 24.0 3.440 -17.935
605 24.0 3.419 -18.067
607 24.0 3.801 -17.829
576 36.0 7.433 -14.858
578 36.0 7.496 -14.529
580 36.0 7.461 -14.669
582 36.0 7.045 -14.369
584 36.0 7.003 -13.878
586 36.0 6.780 -13.664
588 36.0 6.446 -13.566
590 36.0 6.367 -13.194
592 36.0 6.088 -13.110
594 36.0 5.984 -12.598
596 36.0 5.872 -12.526
598 36.0 5.463 -12.178
600 36.0 5.392 -11.804
602 36.0 5.173 -11.624
604 36.0 4.829 -11.350
606 36.0 4.850 -11.146
608 36.0 4.694 -10.736
610 36.0 4.349 -10.460
612 36.0 4.286 -10.309
614 36.0 3.980 -9.807
584 10.0 5.811 -18.201
586 10.0 5.935 -18.075
588 10.0 5.832 -17.880
590 10.0 5.814 -18.138
592 10.0 5.489 -18.164
594 10.0 5.649 -17.995
596 10.0 5.583 -17.993
598 10.0 5.571 -18.078
600 10.0 5.715 -18.234
602 10.0 5.317 -18.032
604 10.0 5.583 -18.201
606 10.0 5.610 -18.207
608 10.0 5.834 -18.169
610 10.0 5.741 -18.019
612 10.0 5.546 -17.810
614 10.0 5.593 -18.061
616 10.0 5.393 -18.069
618 10.0 5.587 -18.033
620 10.0 5.170 -17.789
622 10.0 5.290 -17.198
586 31.0 0.214 -22.755
588 31.0 0.129 -22.824
590 31.0 0.598 -22.744
592 31.0 0.473 -22.577
594 31.0 0.703 -22.725
596 31.0 0.684 -22.811
598 31.0 0.664 -22.734
600 31.0 0.621 -22.624
602 31.0 0.891 -22.709
604 31.0 1.106 -22.800
606 31.0 1.204 -22.835
608 31.0 1.412 -22.812
610 31.0 1.121 -22.751
612 31.0 1.733 -22.878
614 31.0 1.840 -22.874
616 31.0 1.705 -22.793
618 31.0 1.689 -22.854
620 31.0 1.812 -23.060
622 31.0 2.168 -22.553
624 31.0 1.720 -22.774
587 18.0 -1.804 -5.202
589 18.0 -2.030 -5.072
591 18.0 -2.266 -4.900
593 18.0 -2.586 -4.705
595 18.0 -2.916 -4.788
597 18.0 -3.257 -4.386
599 18.0 -3.421 -4.389
601 18.0 -3.847 -4.263
603 18.0 -4.052 -4.145
605 18.0 -4.261 -3.955
607 18.0 -4.583 -3.963
609 18.0 -4.886 -3.856
611 18.0 -4.979 -3.787
613 18.0 -5.201 -3.621
615 18.0 -5.275 -3.471
617 18.0 -5.494 -3.552
619 18.0 -5.617 -3.552
621 18.0 -5.709 -3.562
623 18.0 -5.681 -3.450
625 18.0 -5.794 -3.478
609 25.0 4.010 -17.794
611 25.0 4.365 -17.623
613 25.0 4.678 -17.492
615 25.0 4.741 -17.038
617 25.0 4.913 -16.725
619 25.0 4.984 -16.502
621 25.0 5.121 -16.215
623 25.0 5.239 -16.167
625 25.0 5.552 -15.694
627 25.0 5.475 -15.290
629 25.0 5.649 -14.972
631 25.0 5.870 -14.462
633 25.0 6.130 -14.263
635 25.0 6.413 -13.940
637 25.0 6.575 -13.401
639 25.0 6.554 -13.137
641 25.0 6.579 -12.825
643 25.0 6.635 -12.542
645 25.0 6.862 -12.116
647 25.0 6.777 -11.944
610 41.0 -7.887 -7.610
612 41.0 -7.557 -7.620
614 41.0 -7.211 -7.294
616 41.0 -7.145 -7.313
618 41.0 -6.866 -7.231
620 41.0 -6.633 -6.967
622 41.0 -6.428 -7.160
624 41.0 -6.090 -7.096
626 41.0 -5.779 -6.696
628 41.0 -5.757 -6.810
630 41.0 -5.318 -6.614
632 41.0 -5.263 -6.562
634 41.0 -4.873 -6.495
636 41.0 -4.928 -6.132
638 41.0 -4.767 -6.126
640 41.0 -4.085 -6.241
642 41.0 -3.813 -6.219
644 41.0 -3.834 -5.913
646 41.0 -3.449 -5.750
648 41.0 -3.084 -5.476
616 37.0 3.812 -9.595
618 37.0 3.541 -9.452
620 37.0 3.526 -9.206
622 37.0 3.319 -8.841
624 37.0 3.127 -8.441
626 37.0 2.738 -8.352
628 37.0 2.702 -8.062
630 37.0 2.442 -8.080
632 37.0 2.162 -7.652
634 37.0 2.015 -7.596
636 37.0 1.568 -6.958
638 37.0 1.572 -6.924
640 37.0 1.431 -7.022
642 37.0 1.039 -6.856
644 37.0 0.759 -6.800
646 37.0 0.668 -6.446
648 37.0 0.395 -6.451
650 37.0 0.124 -6.257
652 37.0 -0.063 -6.091
654 37.0 -0.291 -6.194
624 11.0 5.359 -17.132
626 11.0 4.968 -16.766
628 11.0 5.020 -16.622
630 11.0 4.936 -16.211
632 11.0 4.726 -16.154
634 11.0 4.350 -15.570
636 11.0 4.303 -15.383
638 11.0 4.185 -15.043
640 11.0 4.124 -15.111
642 11.0 3.783 -14.413
644 11.0 3.580 -14.128
646 11.0 3.685 -14.100
648 11.0 3.540 -13.622
650 11.0 3.355 -13.190
652 11.0 3.179 -12.822
654 11.0 3.207 -12.656
656 11.0 3.221 -12.394
658 11.0 3.272 -12.019
660 11.0 3.272 -11.622
662 11.0 3.215 -11.311
626 32.0 1.718 -22.450
628 32.0 1.807 -22.257
630 32.0 1.515 -22.236
632 32.0 1.479 -22.230
634 32.0 1.631 -21.744
636 32.0 1.436 -21.524
638 32.0 1.407 -21.622
640 32.0 1.691 -21.544
642 32.0 1.342 -21.761
644 32.0 1.253 -21.409
646 32.0 1.629 -21.447
648 32.0 1.365 -21.259
650 32.0 1.439 -21.209
652 32.0 1.464 -21.117
654 32.0 1.224 -21.038
656 32.0 0.993 -21.129
658 32.0 1.175 -20.886
660 32.0 0.938 -20.794
662 32.0 0.691 -20.359
664 32.0 0.640 -20.608
627 19.0 -5.928 -3.488
629 19.0 -5.937 -3.404
631 19.0 -6.084 -3.458
633 19.0 -6.211 -3.649
635 19.0 -6.079 -3.587
637 19.0 -6.052 -3.652
639 19.0 -5.838 -3.829
641 19.0 -5.859 -3.825
643 19.0 -5.863 -3.793
645 19.0 -5.852 -3.952
647 19.0 -5.522 -4.228
649 19.0 -5.387 -4.175
651 19.0 -5.192 -4.375
653 19.0 -4.965 -4.565
655 19.0 -4.619 -4.830
657 19.0 -4.465 -4.789
659 19.0 -4.290 -4.836
661 19.0 -3.925 -5.131
663 19.0 -3.692 -5.270
665 19.0 -3.377 -5.503
649 26.0 6.737 -11.598
651 26.0 6.894 -11.506
653 26.0 6.888 -11.298
655 26.0 6.857 -10.925
657 26.0 6.701 -10.269
659 26.0 6.884 -10.233
661 26.0 6.790 -9.850
663 26.0 6.424 -9.442
665 26.0 6.444 -9.198
667 26.0 6.251 -8.886
669 26.0 6.338 -8.530
671 26.0 5.926 -8.036
673 26.0 5.580 -7.780
675 26.0 5.139 -7.667
677 26.0 5.128 -7.643
679 26.0 4.955 -7.365
681 26.0 4.626 -7.141
683 26.0 4.140 -6.984
685 26.0 3.807 -6.690
687 26.0 3.799 -6.588
650 42.0 -2.732 -5.767
652 42.0 -2.803 -5.678
654 42.0 -2.335 -5.603
656 42.0 -2.261 -5.071
658 42.0 -1.650 -5.149
660 42.0 -1.701 -5.152
662 42.0 -1.305 -4.768
664 42.0 -1.026 -5.038
666 42.0 -0.632 -4.854
668 42.0 -0.408 -4.762
670 42.0 0.136 -5.044
672 42.0 0.049 -5.009
674 42.0 0.365 -4.840
676 42.0 0.816 -4.861
678 42.0 1.200 -5.036
680 42.0 1.241 -5.161
682 42.0 1.717 -4.658
684 42.0 1.937 -5.003
686 42.0 2.058 -4.563
688 42.0 2.342 -4.434
656 38.0 -0.732 -6.119
658 38.0 -0.844 -6.014
660 38.0 -1.127 -5.995
662 38.0 -1.422 -5.775
664 38.0 -1.584 -5.768
666 38.0 -1.922 -5.757
668 38.0 -2.133 -5.576
670 38.0 -2.287 -5.472
672 38.0 -2.644 -5.681
674 38.0 -3.000 -5.499
676 38.0 -3.173 -5.357
678 38.0 -3.535 -5.270
680 38.0 -3.898 -5.330
682 38.0 -4.045 -5.304
684 38.0 -4.272 -5.428
686 38.0 -4.428 -5.551
688 38.0 -4.414 -5.602
690 38.0 -4.544 -5.859
692 38.0 -4.407 -5.995
694 38.0 -4.113 -6.228
660 45.0 6.443 -18.302
662 45.0 6.113 -18.077
664 45.0 5.834 -17.730
666 45.0 5.687 -17.322
668 45.0 5.338 -17.047
670 45.0 4.874 -16.666
672 45.0 4.691 -16.155
674 45.0 4.448 -15.903
676 45.0 3.922 -15.716
678 45.0 3.611 -15.492
680 45.0 3.223 -15.129
682 45.0 2.769 -15.016
684 45.0 2.427 -14.351
686 45.0 2.121 -14.047
688 45.0 1.772 -13.681
690 45.0 1.548 -13.478
692 45.0 0.840 -13.061
694 45.0 0.601 -12.756
696 45.0 0.237 -12.487
698 45.0 -0.018 -12.270
664 12.0 3.245 -11.004
666 12.0 3.396 -10.650
668 12.0 3.323 -10.306
670 12.0 3.469 -10.069
672 12.0 3.469 -9.567
674 12.0 3.595 -9.357
676 12.0 3.644 -9.129
678 12.0 3.846 -8.761
680 12.0 3.911 -8.487
682 12.0 3.970 -8.163
684 12.0 4.191 -7.756
686 12.0 4.363 -7.545
688 12.0 4.630 -7.322
690 12.0 4.814 -6.934
692 12.0 4.912 -6.786
694 12.0 4.949 -6.722
696 12.0 4.858 -6.866
698 12.0 4.870 -6.931
700 12.0 4.679 -7.268
702 12.0 4.667 -7.448
666 33.0 0.240 -20.286
668 33.0 0.279 -20.284
670 33.0 0.113 -19.969
672 33.0 -0.482 -19.963
674 33.0 -0.490 -19.956
676 33.0 -0.836 -19.661
678 33.0 -1.018 -19.367
680 33.0 -1.345 -19.186
682 33.0 -1.590 -19.028
684 33.0 -1.619 -19.055
686 33.0 -1.758 -19.007
688 33.0 -2.014 -18.738
690 33.0 -2.221 -18.467
692 33.0 -2.181 -18.339
694 33.0 -2.269 -18.162
696 33.0 -2.326 -17.867
698 33.0 -2.461 -17.616
700 33.0 -2.551 -17.493
702 33.0 -2.788 -17.056
704 33.0 -3.104 -16.765
667 20.0 -3.289 -6.088
669 20.0 -3.037 -5.770
671 20.0 -2.977 -5.987
673 20.0 -2.648 -5.953
675 20.0 -2.307 -6.361
677 20.0 -2.027 -6.610
679 20.0 -1.544 -6.751
681 20.0 -1.351 -7.023
683 20.0 -0.951 -7.258
685 20.0 -0.621 -7.369
687 20.0 -0.241 -7.388
689 20.0 -0.080 -7.511
691 20.0 0.160 -7.789
693 20.0 0.051 -8.031
695 20.0 0.614 -8.414
697 20.0 0.840 -8.897
699 20.0 0.926 -8.626
701 20.0 1.334 -9.137
703 20.0 1.457 -9.451
705 20.0 1.718 -9.546
689 27.0 3.463 -6.416
691 27.0 3.092 -6.382
693 27.0 2.717 -6.264
695 27.0 2.715 -6.250
697 27.0 2.398 -6.141
699 27.0 2.177 -5.996
701 27.0 1.886 -6.004
703 27.0 1.510 -5.932
705 27.0 1.331 -5.982
707 27.0 1.281 -6.114
709 27.0 0.965 -6.004
711 27.0 0.642 -6.397
713 27.0 0.516 -6.475
715 27.0 0.230 -6.688
717 27.0 0.109 -6.723
719 27.0 -0.296 -7.044
721 27.0 -0.473 -7.453
723 27.0 -0.588 -7.795
725 27.0 -0.507 -8.112
727 27.0 -0.679 -8.375
690 43.0 2.609 -4.417
692 43.0 2.861 -4.206
694 43.0 2.964 -4.279
696 43.0 3.218 -3.937
698 43.0 3.331 -3.785
700 43.0 3.613 -3.552
702 43.0 3.827 -3.700
704 43.0 4.078 -3.327
706 43.0 4.271 -3.188
708 43.0 4.535 -3.097
710 43.0 4.777 -3.052
712 43.0 5.025 -3.070
714 43.0 5.380 -2.718
716 43.0 5.611 -2.766
718 43.0 5.672 -2.504
720 43.0 5.927 -2.290
722 43.0 6.127 -2.413
724 43.0 6.394 -2.012
726 43.0 6.556 -1.936
728 43.0 6.892 -1.876
696 39.0 -3.788 -6.499
698 39.0 -3.687 -6.772
700 39.0 -3.416 -6.830
702 39.0 -3.305 -6.909
704 39.0 -3.050 -7.032
706 39.0 -2.808 -7.185
708 39.0 -2.593 -7.370
710 39.0 -2.520 -7.782
712 39.0 -2.008 -7.923
714 39.0 -1.825 -8.224
716 39.0 -1.673 -8.298
718 39.0 -1.515 -8.644
720 39.0 -1.293 -8.909
722 39.0 -1.132 -9.078
724 39.0 -0.747 -9.395
726 39.0 -0.591 -9.721
728 39.0 -0.265 -9.789
730 39.0 -0.182 -10.243
732 39.0 -0.010 -10.449
734 39.0 0.134 -10.452
697 47.0 7.934 -13.539
699 47.0 7.629 -13.332
701 47.0 7.450 -13.186
703 47.0 7.213 -13.065
705 47.0 6.833 -12.835
707 47.0 6.725 -12.776
709 47.0 6.308 -12.471
711 47.0 6.232 -12.437
713 47.0 5.950 -12.375
715 47.0 5.661 -12.248
717 47.0 5.493 -12.166
719 47.0 5.360 -11.942
721 47.0 5.105 -11.809
723 47.0 4.959 -11.798
725 47.0 4.724 -11.336
727 47.0 4.272 -11.377
729 47.0 4.295 -11.402
731 47.0 3.901 -11.043
733 47.0 3.684 -11.093
735 47.0 3.401 -10.688
700 46.0 -0.501 -11.979
702 46.0 -0.793 -11.574
704 46.0 -1.201 -11.087
706 46.0 -1.605 -10.870
708 46.0 -1.997 -10.577
710 46.0 -2.382 -10.052
712 46.0 -2.807 -9.645
714 46.0 -3.443 -9.193
716 46.0 -3.542 -8.845
718 46.0 -4.030 -8.619
720 46.0 -4.427 -8.302
722 46.0 -4.740 -8.175
724 46.0 -5.185 -7.743
726 46.0 -5.424 -7.512
728 46.0 -5.770 -7.298
730 46.0 -6.095 -7.179
732 46.0 -6.469 -6.910
734 46.0 -6.862 -6.746
736 46.0 -7.137 -6.593
738 46.0 -7.403 -6.490
704 13.0 4.510 -7.873
706 13.0 4.303 -8.068
708 13.0 4.245 -8.372
710 13.0 4.091 -8.564
712 13.0 3.997 -8.936
714 13.0 3.868 -9.156
716 13.0 3.752 -9.372
718 13.0 3.758 -9.795
720 13.0 4.001 -9.880
722 13.0 4.051 -10.005
724 13.0 4.434 -10.115
726 13.0 4.528 -10.124
728 13.0 4.866 -10.144
730 13.0 5.033 -10.077
732 13.0 5.308 -10.066
734 13.0 5.388 -9.948
736 13.0 5.509 -9.955
738 13.0 5.658 -9.892
740 13.0 5.468 -9.527
742 13.0 5.268 -9.477
706 34.0 -3.089 -16.492
708 34.0 -3.536 -16.188
710 34.0 -3.466 -15.979
712 34.0 -3.684 -15.468
714 34.0 -3.985 -15.476
716 34.0 -4.076 -15.222
718 34.0 -4.420 -14.769
720 34.0 -4.366 -14.417
722 34.0 -4.373 -13.933
724 34.0 -4.261 -14.191
726 34.0 -4.221 -13.655
728 34.0 -4.203 -13.529
730 34.0 -3.982 -13.197
732 34.0 -4.101 -13.015
734 34.0 -4.184 -12.707
736 34.0 -3.809 -12.532
738 34.0 -3.962 -11.961
740 34.0 -3.781 -11.980
742 34.0 -3.431 -11.844
744 34.0 -3.465 -11.302
707 21.0 1.850 -9.849
709 21.0 2.093 -10.176
711 21.0 2.125 -10.147
713 21.0 2.557 -10.654
715 21.0 2.621 -10.700
717 21.0 2.918 -11.109
719 21.0 3.138 -11.248
721 21.0 3.154 -11.543
723 21.0 3.531 -11.900
725 21.0 3.735 -12.115
727 21.0 4.098 -12.338
729 21.0 3.968 -12.352
731 21.0 4.257 -12.900
733 21.0 4.652 -12.860
735 21.0 4.818 -12.923
737 21.0 4.948 -13.395
739 21.0 5.356 -13.209
741 21.0 5.462 -13.675
743 21.0 5.748 -13.732
745 21.0 5.964 -13.521
729 28.0 -0.888 -8.765
731 28.0 -0.518 -9.092
733 28.0 -0.726 -9.378
735 28.0 -0.876 -9.677
737 28.0 -0.929 -9.817
739 28.0 -0.646 -10.143
741 28.0 -0.806 -10.394
743 28.0 -1.017 -10.723
745 28.0 -1.048 -11.098
747 28.0 -1.018 -11.494
749 28.0 -1.000 -11.821
751 28.0 -1.273 -11.955
753 28.0 -1.147 -12.413
755 28.0 -1.037 -12.653
757 28.0 -1.040 -12.915
759 28.0 -1.344 -13.199
761 28.0 -0.824 -13.646
763 28.0 -0.664 -13.990
765 28.0 -0.649 -14.045
767 28.0 -0.326 -14.237
730 44.0 7.151 -1.512
732 44.0 7.291 -1.554
734 44.0 7.556 -1.323
736 44.0 7.526 -1.099
738 44.0 8.028 -1.154
740 44.0 8.062 -0.938
742 44.0 8.445 -0.834
744 44.0 8.499 -0.794
746 44.0 8.634 -0.774
748 44.0 9.075 -0.845
750 44.0 9.271 -0.931
752 44.0 9.157 -1.108
754 44.0 9.236 -1.497
756 44.0 9.609 -1.632
758 44.0 9.644 -1.601
760 44.0 9.768 -1.947
762 44.0 9.568 -2.278
764 44.0 9.468 -2.696
766 44.0 9.286 -2.848
768 44.0 9.313 -3.001
736 40.0 0.391 -10.787
738 40.0 0.469 -11.079
740 40.0 0.561 -11.098
742 40.0 0.777 -11.594
744 40.0 1.106 -11.324
746 40.0 1.354 -11.735
748 40.0 1.640 -12.285
750 40.0 1.565 -12.361
752 40.0 1.846 -12.448
754 40.0 2.231 -12.705
756 40.0 2.393 -13.013
758 40.0 2.478 -13.128
760 40.0 2.983 -13.233
762 40.0 3.057 -13.363
764 40.0 3.378 -13.664
766 40.0 3.339 -13.704
768 40.0 3.670 -14.038
770 40.0 3.966 -14.166
772 40.0 4.004 -14.661
774 40.0 4.134 -14.740
737 48.0 3.220 -10.544
739 48.0 2.717 -10.424
741 48.0 2.593 -10.135
743 48.0 2.280 -9.988
745 48.0 1.981 -9.910
747 48.0 1.713 -9.648
749 48.0 1.555 -9.632
751 48.0 1.262 -9.385
753 48.0 0.936 -9.243
755 48.0 0.588 -8.992
757 48.0 0.456 -8.921
759 48.0 0.279 -8.777
761 48.0 -0.201 -8.749
763 48.0 -0.216 -8.551
765 48.0 -0.526 -8.313
767 48.0 -0.776 -8.270
769 48.0 -0.917 -8.185
771 48.0 -1.163 -8.085
773 48.0 -1.207 -7.827
775 48.0 -1.361 -7.799
744 14.0 5.197 -9.304
746 14.0 5.111 -9.219
748 14.0 4.662 -9.282
750 14.0 4.482 -8.897
752 14.0 4.223 -8.854
754 14.0 3.902 -8.815
756 14.0 3.800 -8.831
758 14.0 3.826 -8.378
760 14.0 3.363 -8.808
762 14.0 2.905 -9.007
764 14.0 2.829 -9.167
766 14.0 2.275 -9.200
768 14.0 2.306 -9.263
770 14.0 1.772 -9.659
772 14.0 1.530 -9.681
774 14.0 0.962 -9.809
776 14.0 0.587 -10.178
778 14.0 0.448 -10.234
780 14.0 0.085 -10.375
782 14.0 -0.072 -10.313
746 35.0 -3.267 -11.172
748 35.0 -3.160 -10.986
750 35.0 -2.821 -10.513
752 35.0 -2.802 -10.383
754 35.0 -2.758 -10.238
756 35.0 -2.244 -10.118
758 35.0 -2.085 -10.179
760 35.0 -2.036 -9.906
762 35.0 -2.110 -9.930
764 35.0 -1.727 -9.477
766 35.0 -1.292 -9.370
768 35.0 -1.274 -8.882
770 35.0 -0.875 -8.908
772 35.0 -0.763 -8.422
774 35.0 -0.622 -8.401
776 35.0 -0.454 -8.223
778 35.0 -0.463 -8.181
780 35.0 -0.296 -7.731
782 35.0 0.209 -7.689
784 35.0 0.354 -7.502
747 22.0 6.003 -13.492
749 22.0 6.250 -13.554
751 22.0 6.448 -13.643
753 22.0 6.651 -13.517
755 22.0 6.654 -13.220
757 22.0 6.896 -13.127
759 22.0 6.872 -12.967
761 22.0 7.097 -12.823
763 22.0 6.625 -12.406
765 22.0 6.597 -12.464
767 22.0 6.479 -12.270
769 22.0 6.482 -12.187
771 22.0 6.340 -12.084
773 22.0 6.286 -12.078
775 22.0 6.217 -12.228
777 22.0 6.089 -12.275
779 22.0 6.125 -12.551
781 22.0 6.145 -12.590
783 22.0 6.058 -12.854
785 22.0 6.021 -13.249
