0 0.0 5.890 -14.183
12 0.0 5.813 -14.502
24 0.0 6.233 -15.043
36 0.0 6.429 -15.165
48 0.0 6.781 -15.443
60 0.0 7.132 -15.696
72 0.0 7.084 -16.247
84 0.0 7.296 -16.467
96 0.0 7.503 -16.471
108 0.0 7.760 -17.039
120 0.0 8.084 -17.124
132 0.0 7.943 -17.462
144 0.0 7.958 -18.283
156 0.0 7.928 -18.253
168 0.0 7.891 -18.683
180 0.0 8.057 -18.785
192 0.0 8.359 -19.393
204 0.0 8.284 -19.501
216 0.0 8.497 -20.013
228 0.0 8.694 -20.312
0 8.0 -7.566 4.275
12 8.0 -6.708 5.423
24 8.0 -6.006 6.872
36 8.0 -5.087 7.991
48 8.0 -4.213 9.614
60 8.0 -3.650 10.858
72 8.0 -2.978 12.462
84 8.0 -2.816 13.616
96 8.0 -2.363 14.918
108 8.0 -2.378 16.032
120 8.0 -3.108 13.660
132 8.0 -3.581 11.334
144 8.0 -4.144 12.179
156 8.0 -5.313 21.450
168 8.0 -6.430 22.315
180 8.0 -7.791 23.635
192 8.0 -9.261 24.286
204 8.0 -10.563 25.375
216 8.0 -11.983 26.216
228 8.0 -12.051 26.059
0 46.0 18.469 25.633
12 46.0 18.244 25.689
24 46.0 17.954 25.728
36 46.0 17.655 25.775
48 46.0 17.342 25.741
60 46.0 17.085 25.824
72 46.0 16.720 25.837
84 46.0 16.614 25.758
96 46.0 16.546 25.666
108 46.0 16.409 25.602
120 46.0 16.277 25.564
132 46.0 16.327 25.389
144 46.0 15.939 25.365
156 46.0 15.670 25.291
168 46.0 15.663 25.202
180 46.0 15.517 24.802
192 46.0 15.395 24.530
204 46.0 15.310 23.926
216 46.0 15.255 23.481
228 46.0 15.246 23.204
0 26.0 25.975 44.561
12 26.0 26.092 44.424
24 26.0 25.962 44.675
36 26.0 25.782 44.523
48 26.0 25.832 44.667
60 26.0 25.922 44.706
72 26.0 25.961 44.681
84 26.0 25.935 44.598
96 26.0 25.929 44.577
108 26.0 26.030 44.558
120 26.0 25.869 44.668
132 26.0 25.954 44.466
144 26.0 25.981 44.712
156 26.0 25.879 44.647
168 26.0 25.826 44.813
180 26.0 25.977 44.639
192 26.0 25.982 44.638
204 26.0 25.945 44.601
216 26.0 25.995 44.568
228 26.0 25.937 44.620
72 35.0 -16.108 0.850
84 35.0 -16.819 1.320
96 35.0 -17.667 2.379
108 35.0 -18.687 3.247
120 35.0 -19.376 4.199
132 35.0 -20.357 4.894
144 35.0 -20.995 6.012
156 35.0 -25.088 7.577
168 35.0 -26.436 8.206
180 35.0 -26.442 8.309
192 35.0 -26.514 8.399
204 35.0 -26.071 7.762
216 35.0 -25.300 7.554
228 35.0 -25.109 7.480
240 35.0 -24.527 6.812
252 35.0 -24.227 6.670
264 35.0 -23.567 6.108
276 35.0 -23.031 5.848
288 35.0 -22.521 5.386
300 35.0 -22.025 5.098
216 52.0 27.124 10.357
228 52.0 27.658 10.177
240 52.0 28.012 9.910
252 52.0 28.344 9.384
264 52.0 28.898 8.698
276 52.0 29.494 8.317
288 52.0 29.958 8.061
300 52.0 30.426 7.949
312 52.0 30.377 7.891
324 52.0 30.240 7.976
336 52.0 30.349 8.036
348 52.0 30.483 7.999
360 52.0 30.283 7.964
372 52.0 30.280 7.950
384 52.0 30.198 7.903
396 52.0 30.226 7.893
408 52.0 30.286 7.886
420 52.0 30.312 7.974
432 52.0 30.351 8.024
444 52.0 30.403 7.850
