0 2.0 10.031 1.238
12 2.0 9.926 1.049
24 2.0 10.061 1.071
36 2.0 10.656 0.893
48 2.0 10.676 0.403
60 2.0 11.073 -0.062
72 2.0 11.858 1.227
84 2.0 11.601 0.432
96 2.0 13.509 1.417
108 2.0 12.716 0.167
120 2.0 13.076 -0.429
132 2.0 13.068 -0.534
144 2.0 13.209 -0.295
156 2.0 13.489 -0.216
168 2.0 13.404 -0.451
180 2.0 13.628 -0.099
192 2.0 12.735 -0.022
204 2.0 12.791 -0.062
216 2.0 12.831 -0.224
228 2.0 13.079 -0.167
0 4.0 -9.296 14.707
12 4.0 -9.906 14.904
24 4.0 -10.038 15.373
36 4.0 -10.841 15.847
48 4.0 -10.960 16.308
60 4.0 -10.789 16.485
72 4.0 -11.253 16.634
84 4.0 -11.463 17.379
96 4.0 -11.694 17.933
108 4.0 -12.310 18.828
120 4.0 -12.206 19.495
132 4.0 -12.615 19.974
144 4.0 -12.859 20.007
156 4.0 -13.250 20.628
168 4.0 -13.679 20.677
180 4.0 -13.897 21.394
192 4.0 -14.371 21.716
204 4.0 -14.457 22.007
216 4.0 -14.813 22.376
228 4.0 -14.583 22.337
0 5.0 -5.960 11.483
12 5.0 -5.981 11.219
24 5.0 -5.795 10.844
36 5.0 -5.620 10.506
48 5.0 -5.775 10.356
60 5.0 -5.679 10.150
72 5.0 -5.545 9.805
84 5.0 -5.180 9.832
96 5.0 -5.154 9.751
108 5.0 -5.050 9.600
120 5.0 -5.000 10.113
132 5.0 -5.266 10.364
144 5.0 -5.382 11.203
156 5.0 -5.637 11.197
168 5.0 -5.598 10.761
180 5.0 -5.533 11.318
192 5.0 -5.639 11.141
204 5.0 -5.361 11.170
216 5.0 -5.198 10.833
228 5.0 -5.711 10.882
0 6.0 -12.342 23.048
12 6.0 -12.358 22.887
24 6.0 -12.251 22.971
36 6.0 -12.261 23.103
48 6.0 -12.294 23.084
60 6.0 -12.300 23.162
72 6.0 -12.285 22.979
84 6.0 -12.124 22.977
96 6.0 -12.258 23.157
108 6.0 -12.206 23.050
120 6.0 -12.489 23.189
132 6.0 -12.554 23.200
144 6.0 -12.327 23.237
156 6.0 -12.214 22.983
168 6.0 -12.464 23.026
180 6.0 -12.395 23.056
192 6.0 -12.357 22.878
204 6.0 -12.331 23.009
216 6.0 -12.374 22.914
228 6.0 -12.440 22.946
0 7.0 -0.689 27.744
12 7.0 -0.233 26.581
24 7.0 0.230 25.399
36 7.0 0.700 24.214
48 7.0 1.201 22.629
60 7.0 1.620 21.376
72 7.0 2.056 20.566
84 7.0 2.773 19.046
96 7.0 3.513 17.840
108 7.0 3.952 16.736
120 7.0 3.643 15.363
132 7.0 3.782 13.908
144 7.0 3.102 13.181
156 7.0 3.170 12.449
168 7.0 2.553 11.353
180 7.0 2.049 10.283
192 7.0 1.163 8.929
204 7.0 0.375 7.659
216 7.0 -0.662 6.926
228 7.0 -1.535 5.960
0 10.0 -4.072 9.665
12 10.0 -3.978 9.803
24 10.0 -3.416 9.848
36 10.0 -3.025 10.043
48 10.0 -2.832 10.222
60 10.0 -2.536 10.365
72 10.0 -2.457 10.458
84 10.0 -2.445 10.478
96 10.0 -2.984 10.116
108 10.0 -3.220 9.972
120 10.0 -3.414 9.982
132 10.0 -3.095 10.100
144 10.0 -2.951 10.169
156 10.0 -2.904 10.116
168 10.0 -2.496 10.386
180 10.0 -2.502 10.522
192 10.0 -2.138 10.570
204 10.0 -2.050 10.788
216 10.0 -1.939 10.758
228 10.0 -2.064 10.706
0 11.0 29.172 19.655
12 11.0 28.982 19.886
24 11.0 28.337 20.268
36 11.0 28.122 20.555
48 11.0 27.640 21.240
60 11.0 27.252 21.637
72 11.0 27.469 21.514
84 11.0 27.220 21.429
96 11.0 27.332 21.288
108 11.0 27.363 21.207
120 11.0 27.392 21.090
132 11.0 27.186 20.836
144 11.0 27.127 20.801
156 11.0 27.017 20.742
168 11.0 27.061 20.611
180 11.0 27.063 20.532
192 11.0 27.111 21.009
204 11.0 27.410 21.497
216 11.0 27.289 22.051
228 11.0 27.282 22.402
0 12.0 29.990 18.416
12 12.0 29.447 18.185
24 12.0 29.429 18.256
36 12.0 29.322 19.327
48 12.0 29.224 19.543
60 12.0 28.937 20.116
72 12.0 28.767 20.402
84 12.0 28.597 20.344
96 12.0 28.715 20.766
108 12.0 28.564 21.007
120 12.0 28.286 21.059
132 12.0 28.113 21.172
144 12.0 28.359 21.581
156 12.0 27.905 21.439
168 12.0 27.647 21.641
180 12.0 27.922 21.725
192 12.0 27.440 21.897
204 12.0 27.630 22.110
216 12.0 27.250 22.057
228 12.0 27.516 22.380
0 14.0 38.741 22.151
12 14.0 38.205 21.645
24 14.0 37.887 21.581
36 14.0 37.280 21.121
48 14.0 36.833 21.046
60 14.0 36.312 20.664
72 14.0 35.944 20.301
84 14.0 35.510 20.039
96 14.0 34.996 19.588
108 14.0 34.491 19.063
120 14.0 34.169 18.917
132 14.0 33.747 18.776
144 14.0 33.290 18.382
156 14.0 32.667 18.043
168 14.0 32.164 17.451
180 14.0 31.794 17.007
192 14.0 31.891 16.687
204 14.0 31.754 16.120
216 14.0 31.930 15.480
228 14.0 31.671 14.649
0 15.0 26.044 14.137
12 15.0 26.693 11.682
24 15.0 27.104 10.199
36 15.0 27.354 8.246
48 15.0 27.751 6.270
60 15.0 27.874 4.665
72 15.0 28.253 2.554
84 15.0 28.934 1.106
96 15.0 29.624 -0.494
108 15.0 30.452 -2.051
120 15.0 31.054 -3.652
132 15.0 31.921 -5.395
144 15.0 32.538 -7.347
156 15.0 33.202 -9.508
168 15.0 34.217 -11.248
180 15.0 34.170 -11.316
192 15.0 33.936 -9.782
204 15.0 33.548 -8.394
216 15.0 33.247 -7.316
228 15.0 32.581 -6.303
0 16.0 12.957 34.528
12 16.0 12.883 34.064
24 16.0 13.066 33.624
36 16.0 13.040 33.057
48 16.0 13.466 32.467
60 16.0 13.826 32.048
72 16.0 13.728 31.511
84 16.0 14.273 31.119
96 16.0 14.493 30.432
108 16.0 14.729 29.585
120 16.0 15.109 29.236
132 16.0 15.162 28.859
144 16.0 15.194 28.131
156 16.0 15.649 27.808
168 16.0 15.742 27.356
180 16.0 16.267 26.644
192 16.0 16.428 26.453
204 16.0 17.003 25.707
216 16.0 17.064 25.208
228 16.0 17.337 24.746
0 26.0 30.194 12.691
12 26.0 30.006 12.878
24 26.0 30.026 13.331
36 26.0 29.856 13.722
48 26.0 29.789 13.940
60 26.0 29.686 14.723
72 26.0 29.459 14.933
84 26.0 29.420 15.196
96 26.0 29.170 15.655
108 26.0 29.185 16.015
120 26.0 29.252 16.686
132 26.0 28.709 16.974
144 26.0 28.235 17.294
156 26.0 28.345 17.349
168 26.0 27.957 17.899
180 26.0 27.602 18.300
192 26.0 27.527 18.710
204 26.0 27.362 19.116
216 26.0 27.470 19.299
228 26.0 27.108 19.723
0 27.0 31.403 14.999
12 27.0 31.273 15.257
24 27.0 31.309 15.589
36 27.0 31.246 15.994
48 27.0 31.231 16.352
60 27.0 31.413 16.814
72 27.0 31.350 17.148
84 27.0 31.178 17.365
96 27.0 30.807 17.606
108 27.0 30.608 17.953
120 27.0 30.349 18.278
132 27.0 30.045 18.789
144 27.0 30.022 19.063
156 27.0 29.693 19.407
168 27.0 29.609 19.752
180 27.0 29.287 19.909
192 27.0 29.147 20.299
204 27.0 28.836 20.514
216 27.0 28.699 20.808
228 27.0 28.411 21.126
0 28.0 29.765 15.445
12 28.0 29.561 15.659
24 28.0 29.580 16.049
36 28.0 29.626 16.399
48 28.0 29.622 16.792
60 28.0 29.222 16.919
72 28.0 28.565 17.463
84 28.0 28.086 17.795
96 28.0 28.207 18.066
108 28.0 28.078 18.391
120 28.0 28.318 18.825
132 28.0 27.822 19.112
144 28.0 27.434 19.344
156 28.0 27.258 19.676
168 28.0 26.829 19.871
180 28.0 26.881 20.338
192 28.0 26.832 20.705
204 28.0 26.887 21.034
216 28.0 26.921 21.633
228 28.0 26.877 22.065
144 30.0 29.778 9.066
156 30.0 29.340 9.602
168 30.0 29.133 10.390
180 30.0 29.373 10.507
192 30.0 29.280 11.216
204 30.0 29.390 12.041
216 30.0 29.552 12.828
228 30.0 29.164 13.340
240 30.0 29.440 14.274
252 30.0 29.205 14.778
264 30.0 28.766 15.529
276 30.0 28.723 15.918
288 30.0 28.478 16.537
300 30.0 28.302 17.108
312 30.0 27.832 17.885
324 30.0 28.030 18.246
336 30.0 27.898 19.046
348 30.0 27.645 19.616
360 30.0 27.439 20.135
372 30.0 26.892 20.705
156 17.0 24.610 23.753
168 17.0 24.595 23.353
180 17.0 24.462 22.974
192 17.0 24.158 22.900
204 17.0 23.574 22.669
216 17.0 23.479 22.431
228 17.0 23.615 22.515
240 17.0 23.785 22.743
252 17.0 23.640 22.630
264 17.0 23.846 22.670
276 17.0 23.863 23.008
288 17.0 23.917 23.147
300 17.0 23.986 23.481
312 17.0 23.836 23.568
324 17.0 23.509 23.688
336 17.0 23.580 23.910
348 17.0 23.995 23.920
360 17.0 24.393 23.884
372 17.0 24.400 23.776
384 17.0 24.529 23.953
