0 1.0 18.356 19.185
12 1.0 17.369 19.352
24 1.0 16.448 19.274
36 1.0 15.852 19.286
48 1.0 14.606 19.473
60 1.0 14.074 19.311
72 1.0 13.212 19.056
84 1.0 12.895 19.223
96 1.0 12.099 18.946
108 1.0 11.339 18.942
120 1.0 11.031 19.008
132 1.0 10.292 19.025
144 1.0 9.593 18.960
156 1.0 8.795 18.616
168 1.0 8.091 18.651
180 1.0 7.316 18.487
192 1.0 6.564 18.249
204 1.0 5.613 18.159
216 1.0 5.389 18.303
228 1.0 4.555 18.116
0 3.0 14.422 16.110
12 3.0 14.605 15.208
24 3.0 14.851 14.210
36 3.0 14.387 13.066
48 3.0 14.801 12.171
60 3.0 14.476 11.357
72 3.0 14.666 10.972
84 3.0 14.744 10.353
96 3.0 14.796 9.994
108 3.0 14.798 9.746
120 3.0 14.988 9.493
132 3.0 14.783 9.573
144 3.0 14.945 9.469
156 3.0 14.808 9.288
168 3.0 14.873 9.260
180 3.0 15.048 9.078
192 3.0 14.939 9.002
204 3.0 14.711 8.869
216 3.0 14.581 9.051
228 3.0 14.581 8.692
0 5.0 16.273 18.233
12 5.0 16.749 18.092
24 5.0 16.615 18.156
36 5.0 17.046 17.743
48 5.0 17.189 17.421
60 5.0 17.361 17.576
72 5.0 17.587 17.469
84 5.0 17.737 17.013
96 5.0 18.074 17.082
108 5.0 18.219 16.850
120 5.0 18.633 16.930
132 5.0 18.543 16.833
144 5.0 19.365 16.789
156 5.0 19.520 16.323
168 5.0 19.595 16.469
180 5.0 19.892 15.909
192 5.0 20.135 15.429
204 5.0 20.518 15.435
216 5.0 20.574 15.434
228 5.0 20.584 15.352
0 9.0 31.948 -7.194
12 9.0 31.649 -7.172
24 9.0 31.750 -7.252
36 9.0 31.639 -7.069
48 9.0 31.778 -7.169
60 9.0 31.685 -7.226
72 9.0 31.666 -7.146
84 9.0 31.639 -7.143
96 9.0 31.618 -7.335
108 9.0 31.976 -7.234
120 9.0 31.606 -7.150
132 9.0 31.558 -7.154
144 9.0 31.431 -7.295
156 9.0 31.514 -7.273
168 9.0 31.366 -7.260
180 9.0 31.499 -7.311
192 9.0 31.503 -7.259
204 9.0 31.345 -7.374
216 9.0 31.517 -7.138
228 9.0 31.529 -7.352
0 11.0 29.905 -7.759
12 11.0 29.945 -7.871
24 11.0 29.772 -7.643
36 11.0 29.926 -7.850
48 11.0 29.547 -7.978
60 11.0 29.805 -7.641
72 11.0 29.905 -7.703
84 11.0 30.027 -7.584
96 11.0 29.830 -7.967
108 11.0 29.869 -7.779
120 11.0 29.936 -7.857
132 11.0 29.984 -7.784
144 11.0 29.893 -7.642
156 11.0 29.895 -7.728
168 11.0 29.906 -7.732
180 11.0 29.936 -7.790
192 11.0 29.838 -7.511
204 11.0 30.014 -8.008
216 11.0 29.895 -7.798
228 11.0 30.040 -7.896
0 13.0 21.111 -6.014
12 13.0 21.052 -6.075
24 13.0 21.034 -6.048
36 13.0 21.063 -6.058
48 13.0 21.099 -6.004
60 13.0 21.083 -5.973
72 13.0 21.021 -6.061
84 13.0 21.072 -5.911
96 13.0 21.085 -6.110
108 13.0 21.075 -6.082
120 13.0 21.091 -6.061
132 13.0 21.055 -5.949
144 13.0 21.078 -6.199
156 13.0 21.023 -6.006
168 13.0 21.143 -6.085
180 13.0 21.113 -6.027
192 13.0 21.017 -6.006
204 13.0 21.002 -6.068
216 13.0 21.078 -5.982
228 13.0 21.096 -6.114
0 15.0 -3.516 22.048
12 15.0 -3.555 22.321
24 15.0 -3.592 22.058
36 15.0 -3.757 22.288
48 15.0 -3.552 22.034
60 15.0 -3.632 21.888
72 15.0 -3.502 22.065
84 15.0 -3.884 22.020
96 15.0 -3.755 22.244
108 15.0 -3.684 21.993
120 15.0 -3.774 22.017
132 15.0 -3.792 21.952
144 15.0 -3.546 22.057
156 15.0 -3.564 22.229
168 15.0 -3.640 21.990
180 15.0 -3.679 22.021
192 15.0 -3.840 22.129
204 15.0 -3.600 22.265
216 15.0 -3.567 22.091
228 15.0 -3.652 21.982
0 17.0 -2.960 23.027
12 17.0 -2.784 23.148
24 17.0 -2.843 23.148
36 17.0 -2.948 23.110
48 17.0 -2.765 23.181
60 17.0 -2.865 23.031
72 17.0 -2.946 23.216
84 17.0 -2.917 23.268
96 17.0 -2.792 23.140
108 17.0 -2.776 23.049
120 17.0 -2.803 23.187
132 17.0 -2.891 23.219
144 17.0 -2.716 23.162
156 17.0 -2.827 23.191
168 17.0 -3.090 23.160
180 17.0 -2.907 23.179
192 17.0 -2.895 23.103
204 17.0 -2.807 23.173
216 17.0 -2.884 23.066
228 17.0 -2.882 23.145
0 19.0 -2.152 22.018
12 19.0 -1.967 22.133
24 19.0 -1.879 22.032
36 19.0 -1.943 21.881
48 19.0 -1.913 22.044
60 19.0 -1.977 21.976
72 19.0 -2.077 21.930
84 19.0 -1.928 22.019
96 19.0 -1.924 21.982
108 19.0 -1.904 21.875
120 19.0 -1.904 22.018
132 19.0 -2.040 21.971
144 19.0 -1.787 21.836
156 19.0 -2.061 22.239
168 19.0 -2.021 22.219
180 19.0 -2.034 21.827
192 19.0 -2.043 22.024
204 19.0 -2.089 21.952
216 19.0 -1.946 22.088
228 19.0 -2.040 21.989
0 21.0 -4.465 24.939
12 21.0 -4.604 25.022
24 21.0 -4.499 24.827
36 21.0 -4.611 24.883
48 21.0 -4.495 24.945
60 21.0 -4.484 25.162
72 21.0 -4.521 24.727
84 21.0 -4.585 24.808
96 21.0 -4.743 24.952
108 21.0 -4.638 25.073
120 21.0 -4.590 25.049
132 21.0 -4.606 24.913
144 21.0 -4.601 25.045
156 21.0 -4.337 25.100
168 21.0 -4.423 25.101
180 21.0 -4.814 25.093
192 21.0 -4.750 24.846
204 21.0 -4.705 25.027
216 21.0 -4.527 25.039
228 21.0 -4.571 24.993
0 25.0 16.372 -9.078
12 25.0 15.795 -8.433
24 25.0 15.333 -7.860
36 25.0 14.924 -7.384
48 25.0 14.448 -6.747
60 25.0 14.181 -6.352
72 25.0 13.793 -5.734
84 25.0 13.590 -5.466
96 25.0 13.222 -4.933
108 25.0 13.286 -4.502
120 25.0 13.026 -4.367
132 25.0 12.343 -3.890
144 25.0 11.654 -3.176
156 25.0 11.557 -2.758
168 25.0 11.025 -2.283
180 25.0 10.610 -1.916
192 25.0 10.399 -1.461
204 25.0 10.268 -1.012
216 25.0 9.937 -0.567
228 25.0 9.930 -0.104
0 60.0 -3.063 20.958
12 60.0 -2.926 20.907
24 60.0 -2.962 20.948
36 60.0 -3.065 21.102
48 60.0 -2.879 20.844
60 60.0 -2.933 20.920
72 60.0 -3.049 21.140
84 60.0 -3.112 20.980
96 60.0 -3.077 21.109
108 60.0 -2.822 21.106
120 60.0 -3.105 20.973
132 60.0 -2.975 20.965
144 60.0 -2.976 21.082
156 60.0 -2.909 21.057
168 60.0 -3.010 20.926
180 60.0 -2.827 21.101
192 60.0 -2.951 21.010
204 60.0 -2.939 21.063
216 60.0 -2.738 21.082
228 60.0 -2.928 20.976
0 70.0 -5.263 26.007
12 70.0 -5.274 26.199
24 70.0 -5.193 25.814
36 70.0 -5.138 26.023
48 70.0 -5.393 25.966
60 70.0 -5.222 26.064
72 70.0 -5.391 26.187
84 70.0 -5.188 25.931
96 70.0 -5.335 25.915
108 70.0 -5.407 26.154
120 70.0 -5.421 25.918
132 70.0 -5.244 25.926
144 70.0 -5.217 26.132
156 70.0 -5.138 26.132
168 70.0 -5.303 25.934
180 70.0 -5.205 25.878
192 70.0 -5.210 25.978
204 70.0 -5.388 26.069
216 70.0 -5.391 25.971
228 70.0 -5.227 26.114
96 92.0 -9.386 30.312
108 92.0 -10.670 29.750
120 92.0 -10.490 29.140
132 92.0 -10.710 28.931
144 92.0 -10.738 28.451
156 92.0 -10.429 28.032
168 92.0 -10.658 28.309
180 92.0 -10.365 28.144
192 92.0 -10.593 28.086
204 92.0 -10.697 28.039
216 92.0 -10.421 28.198
228 92.0 -10.735 28.067
240 92.0 -10.663 28.240
252 92.0 -10.824 28.128
264 92.0 -10.827 28.082
276 92.0 -10.796 28.357
288 92.0 -10.920 28.382
300 92.0 -10.646 28.042
312 92.0 -10.892 27.834
324 92.0 -10.608 28.239
240 4.0 14.607 8.674
252 4.0 14.434 8.646
264 4.0 14.615 8.538
276 4.0 14.582 8.407
288 4.0 14.643 7.779
300 4.0 14.801 7.392
312 4.0 14.976 7.134
324 4.0 15.082 6.611
336 4.0 15.219 6.271
348 4.0 15.303 5.880
360 4.0 15.392 5.446
372 4.0 15.644 4.979
384 4.0 15.647 4.312
396 4.0 16.104 3.768
408 4.0 16.085 2.600
420 4.0 16.334 1.919
432 4.0 16.292 0.865
444 4.0 16.188 -0.132
456 4.0 16.014 -0.854
468 4.0 15.946 -1.914
240 6.0 20.753 15.012
252 6.0 21.066 14.554
264 6.0 21.369 13.967
276 6.0 21.572 13.546
288 6.0 21.946 13.011
300 6.0 22.226 12.583
312 6.0 22.566 11.989
324 6.0 22.888 11.495
336 6.0 23.185 10.889
348 6.0 23.294 10.547
360 6.0 23.630 9.971
372 6.0 23.911 9.509
384 6.0 24.297 9.004
396 6.0 24.519 8.424
408 6.0 24.761 7.912
420 6.0 25.063 7.414
432 6.0 25.518 6.881
444 6.0 25.667 6.556
456 6.0 26.220 5.843
468 6.0 26.723 5.320
240 10.0 31.439 -7.141
252 10.0 31.539 -7.261
264 10.0 31.296 -7.135
276 10.0 31.533 -7.133
288 10.0 31.675 -7.309
300 10.0 31.489 -7.424
312 10.0 31.385 -7.137
324 10.0 31.400 -7.317
336 10.0 31.388 -7.196
348 10.0 31.224 -7.390
360 10.0 31.321 -7.295
372 10.0 31.829 -7.090
384 10.0 31.808 -7.141
396 10.0 31.845 -7.132
408 10.0 31.595 -7.074
420 10.0 31.553 -6.928
432 10.0 31.648 -7.281
444 10.0 31.600 -7.137
456 10.0 31.377 -7.052
468 10.0 31.635 -7.072
240 12.0 29.796 -7.895
252 12.0 29.947 -7.790
264 12.0 30.009 -7.706
276 12.0 30.054 -7.841
288 12.0 30.133 -7.875
300 12.0 30.005 -7.530
312 12.0 30.012 -7.766
324 12.0 29.908 -7.900
336 12.0 29.736 -7.707
348 12.0 29.912 -7.632
360 12.0 29.950 -7.645
372 12.0 29.705 -7.702
384 12.0 30.047 -7.673
396 12.0 29.941 -7.785
408 12.0 29.821 -7.755
420 12.0 29.972 -7.667
432 12.0 29.954 -7.722
444 12.0 29.863 -7.851
456 12.0 29.854 -7.848
468 12.0 29.834 -7.828
240 14.0 21.094 -6.069
252 14.0 21.196 -6.091
264 14.0 21.094 -5.960
276 14.0 21.162 -6.042
288 14.0 21.113 -6.188
300 14.0 21.042 -6.087
312 14.0 20.852 -6.134
324 14.0 21.097 -5.981
336 14.0 20.982 -6.092
348 14.0 20.988 -6.082
360 14.0 21.127 -6.070
372 14.0 21.189 -6.080
384 14.0 20.989 -6.141
396 14.0 21.198 -6.141
408 14.0 21.033 -6.047
420 14.0 21.266 -6.035
432 14.0 21.241 -6.022
444 14.0 20.942 -6.106
456 14.0 21.130 -6.142
468 14.0 21.063 -6.025
240 16.0 -3.664 22.129
252 16.0 -3.642 22.045
264 16.0 -3.641 21.965
276 16.0 -3.601 22.233
288 16.0 -3.670 21.936
300 16.0 -3.801 22.118
312 16.0 -3.798 22.032
324 16.0 -3.708 22.065
336 16.0 -3.744 22.115
348 16.0 -3.708 22.153
360 16.0 -3.768 21.848
372 16.0 -3.494 22.134
384 16.0 -3.537 22.079
396 16.0 -3.654 22.014
408 16.0 -3.468 22.427
420 16.0 -3.831 22.274
432 16.0 -3.613 22.037
444 16.0 -3.489 22.085
456 16.0 -3.877 22.168
468 16.0 -3.623 21.993
240 18.0 -2.874 22.975
252 18.0 -2.886 23.128
264 18.0 -2.872 23.286
276 18.0 -2.738 23.230
288 18.0 -2.863 23.136
300 18.0 -2.855 23.182
312 18.0 -2.738 23.137
324 18.0 -2.889 23.156
336 18.0 -2.747 23.262
348 18.0 -2.861 23.097
360 18.0 -3.004 23.234
372 18.0 -2.898 23.148
384 18.0 -2.926 23.408
396 18.0 -3.009 23.143
408 18.0 -2.746 23.253
420 18.0 -2.848 23.119
432 18.0 -2.929 23.251
444 18.0 -3.053 23.102
456 18.0 -2.969 23.031
468 18.0 -2.768 23.125
240 20.0 -1.900 22.161
252 20.0 -1.948 21.952
264 20.0 -2.081 21.963
276 20.0 -1.910 22.207
288 20.0 -1.954 22.106
300 20.0 -1.919 21.987
312 20.0 -1.896 22.056
324 20.0 -2.009 21.976
336 20.0 -1.939 21.976
348 20.0 -2.191 22.105
360 20.0 -1.941 21.866
372 20.0 -1.909 21.998
384 20.0 -2.032 21.884
396 20.0 -2.166 22.088
408 20.0 -2.000 21.780
420 20.0 -1.738 21.867
432 20.0 -2.282 21.937
444 20.0 -1.952 21.956
456 20.0 -2.017 22.197
468 20.0 -1.956 21.899
240 22.0 -4.554 24.961
252 22.0 -4.417 25.053
264 22.0 -4.645 24.907
276 22.0 -4.648 24.949
288 22.0 -4.620 25.031
300 22.0 -4.619 25.113
312 22.0 -4.528 25.170
324 22.0 -4.564 24.940
336 22.0 -4.526 25.132
348 22.0 -4.571 25.018
360 22.0 -4.601 24.936
372 22.0 -4.755 24.951
384 22.0 -4.513 24.789
396 22.0 -4.502 24.968
408 22.0 -4.521 24.944
420 22.0 -4.596 24.942
432 22.0 -4.738 24.907
444 22.0 -4.663 25.097
456 22.0 -4.548 24.910
468 22.0 -4.499 24.964
240 26.0 9.467 0.525
252 26.0 9.424 1.076
264 26.0 9.128 1.531
276 26.0 8.903 1.999
288 26.0 8.520 2.327
300 26.0 8.140 2.654
312 26.0 7.834 3.048
324 26.0 7.494 3.698
336 26.0 7.401 4.260
348 26.0 7.266 4.931
360 26.0 7.214 5.603
372 26.0 6.899 6.141
384 26.0 6.717 6.597
396 26.0 6.358 7.104
408 26.0 6.145 7.598
420 26.0 5.686 8.006
432 26.0 5.700 8.313
444 26.0 5.559 9.000
456 26.0 5.325 9.308
468 26.0 5.333 9.889
240 61.0 -2.996 21.015
252 61.0 -2.963 21.025
264 61.0 -3.064 21.161
276 61.0 -2.962 20.931
288 61.0 -3.013 20.981
300 61.0 -3.002 21.275
312 61.0 -3.170 21.271
324 61.0 -2.932 21.124
336 61.0 -2.898 21.066
348 61.0 -2.804 21.213
360 61.0 -3.071 21.289
372 61.0 -2.886 20.982
384 61.0 -2.946 20.967
396 61.0 -3.075 20.935
408 61.0 -3.063 21.123
420 61.0 -2.781 21.176
432 61.0 -3.124 20.977
444 61.0 -2.948 21.118
456 61.0 -2.974 21.097
468 61.0 -2.736 21.198
240 71.0 -5.250 25.976
252 71.0 -5.344 25.884
264 71.0 -5.422 25.990
276 71.0 -5.254 25.982
288 71.0 -5.217 26.003
300 71.0 -5.228 25.891
312 71.0 -5.266 26.003
324 71.0 -5.295 25.907
336 71.0 -5.203 26.013
348 71.0 -5.321 25.901
360 71.0 -5.315 25.931
372 71.0 -5.254 25.958
384 71.0 -5.261 26.033
396 71.0 -5.267 25.965
408 71.0 -5.338 25.986
420 71.0 -5.201 25.993
432 71.0 -5.133 25.954
444 71.0 -5.373 25.935
456 71.0 -5.349 25.968
468 71.0 -5.219 25.900
336 93.0 -10.780 28.148
348 93.0 -10.877 28.093
360 93.0 -10.828 28.241
372 93.0 -10.815 28.234
384 93.0 -10.930 28.170
396 93.0 -10.867 28.254
408 93.0 -10.928 28.213
420 93.0 -10.949 28.135
432 93.0 -10.872 28.204
444 93.0 -10.932 28.202
456 93.0 -10.970 28.202
468 93.0 -11.012 28.173
480 93.0 -10.917 28.184
492 93.0 -11.023 28.230
504 93.0 -11.107 28.186
516 93.0 -11.172 28.245
528 93.0 -11.097 28.145
540 93.0 -11.057 28.114
552 93.0 -11.148 28.238
564 93.0 -11.071 28.203
396 91.0 7.199 2.281
408 91.0 6.912 3.111
420 91.0 6.906 3.539
432 91.0 6.805 3.885
444 91.0 6.526 4.380
456 91.0 6.713 4.748
468 91.0 6.378 5.292
480 91.0 6.130 5.799
492 91.0 5.684 6.042
504 91.0 5.479 6.617
516 91.0 5.390 7.195
528 91.0 5.060 7.563
540 91.0 4.841 8.098
552 91.0 4.307 8.369
564 91.0 3.915 8.914
576 91.0 3.580 9.335
588 91.0 3.144 9.739
600 91.0 2.764 10.300
612 91.0 2.340 10.739
624 91.0 1.840 11.179
480 27.0 5.237 10.399
492 27.0 4.795 10.810
504 27.0 4.522 11.568
516 27.0 4.200 12.161
528 27.0 3.952 12.699
540 27.0 3.658 13.223
552 27.0 3.751 13.467
564 27.0 3.784 14.358
576 27.0 3.215 14.944
588 27.0 3.112 15.560
600 27.0 2.866 15.906
612 27.0 2.834 16.696
624 27.0 2.469 16.923
636 27.0 2.353 17.671
648 27.0 2.109 18.099
660 27.0 1.810 18.719
672 27.0 1.777 19.270
684 27.0 1.454 19.530
696 27.0 1.251 20.215
708 27.0 1.041 20.557
480 62.0 -2.784 21.083
492 62.0 -2.930 20.894
504 62.0 -2.961 21.217
516 62.0 -3.069 21.166
528 62.0 -3.089 21.090
540 62.0 -2.920 21.096
552 62.0 -3.023 21.082
564 62.0 -3.027 21.091
576 62.0 -2.971 21.252
588 62.0 -2.968 21.086
600 62.0 -3.057 21.213
612 62.0 -3.120 21.242
624 62.0 -3.035 21.236
636 62.0 -2.982 21.108
648 62.0 -3.101 21.332
660 62.0 -3.063 21.201
672 62.0 -3.125 21.432
684 62.0 -3.149 21.374
696 62.0 -3.005 21.208
708 62.0 -3.138 21.270
480 72.0 -5.480 25.633
492 72.0 -5.300 26.014
504 72.0 -5.246 25.802
516 72.0 -5.413 26.045
528 72.0 -5.343 26.061
540 72.0 -5.342 25.913
552 72.0 -5.288 25.900
564 72.0 -5.534 25.866
576 72.0 -5.532 26.006
588 72.0 -5.331 25.876
600 72.0 -5.474 25.991
612 72.0 -5.257 25.831
624 72.0 -5.533 25.766
636 72.0 -5.515 25.932
648 72.0 -5.520 25.789
660 72.0 -5.402 25.829
672 72.0 -5.482 25.876
684 72.0 -5.421 25.844
696 72.0 -5.159 25.726
708 72.0 -5.386 25.757
504 95.0 29.002 -0.288
516 95.0 28.720 -0.004
528 95.0 28.702 0.469
540 95.0 28.499 0.781
552 95.0 28.420 1.184
564 95.0 27.982 1.620
576 95.0 27.879 1.844
588 95.0 27.512 2.361
600 95.0 27.402 2.570
612 95.0 27.178 3.027
624 95.0 27.027 3.162
636 95.0 26.812 3.710
648 95.0 26.434 3.906
660 95.0 26.306 4.298
672 95.0 26.064 4.713
684 95.0 25.943 5.176
696 95.0 25.727 5.585
708 95.0 25.642 5.805
720 95.0 25.336 6.295
732 95.0 25.011 6.627
576 94.0 -11.176 28.090
588 94.0 -11.258 28.323
600 94.0 -11.304 28.222
612 94.0 -11.419 28.186
624 94.0 -11.235 28.191
636 94.0 -11.321 28.296
648 94.0 -11.248 28.255
660 94.0 -11.355 28.150
672 94.0 -11.338 28.268
684 94.0 -11.490 28.132
696 94.0 -11.406 28.263
708 94.0 -11.322 28.100
720 94.0 -11.246 28.192
732 94.0 -11.452 28.263
744 94.0 -11.422 28.125
756 94.0 -11.450 28.107
768 94.0 -11.460 28.281
780 94.0 -11.412 28.315
792 94.0 -11.498 28.352
804 94.0 -11.538 28.236
684 30.0 11.790 26.813
696 30.0 11.561 26.567
708 30.0 10.599 26.275
720 30.0 9.827 26.369
732 30.0 9.265 25.816
744 30.0 8.621 25.720
756 30.0 7.890 25.640
768 30.0 7.136 25.464
780 30.0 6.627 24.943
792 30.0 5.919 24.714
804 30.0 5.042 24.517
816 30.0 4.612 24.468
828 30.0 4.048 24.539
840 30.0 3.565 23.935
852 30.0 3.163 23.994
864 30.0 2.248 24.024
876 30.0 2.276 23.972
888 30.0 1.438 24.164
900 30.0 0.895 24.158
912 30.0 0.215 23.790
720 28.0 0.882 21.231
732 28.0 0.722 21.608
744 28.0 0.543 22.118
756 28.0 0.253 22.747
768 28.0 -0.158 23.267
780 28.0 -0.125 23.674
792 28.0 -0.387 24.291
804 28.0 -0.696 24.754
816 28.0 -0.835 25.368
828 28.0 -1.046 25.826
840 28.0 -1.301 26.182
852 28.0 -1.551 26.730
864 28.0 -1.726 27.332
876 28.0 -2.045 27.726
888 28.0 -2.239 28.450
900 28.0 -2.286 28.914
912 28.0 -2.581 29.349
924 28.0 -2.716 29.938
936 28.0 -3.009 30.340
948 28.0 -3.209 30.589
720 63.0 -3.000 21.469
732 63.0 -3.057 21.261
744 63.0 -3.101 21.271
756 63.0 -3.312 21.316
768 63.0 -3.006 21.226
780 63.0 -3.199 21.297
792 63.0 -3.031 21.544
804 63.0 -2.938 21.421
816 63.0 -3.338 21.326
828 63.0 -3.141 21.430
840 63.0 -3.121 21.457
852 63.0 -2.897 21.607
864 63.0 -3.331 21.612
876 63.0 -3.350 21.574
888 63.0 -3.223 21.684
900 63.0 -3.195 21.434
912 63.0 -3.503 21.530
924 63.0 -3.213 21.674
936 63.0 -3.190 21.668
948 63.0 -3.426 21.653
720 73.0 -5.401 25.728
732 73.0 -5.482 25.738
744 73.0 -5.475 25.732
756 73.0 -5.463 25.803
768 73.0 -5.428 25.817
780 73.0 -5.509 25.765
792 73.0 -5.437 25.755
804 73.0 -5.509 25.687
816 73.0 -5.518 25.693
828 73.0 -5.570 25.704
840 73.0 -5.598 25.714
852 73.0 -5.457 25.719
864 73.0 -5.573 25.622
876 73.0 -5.513 25.698
888 73.0 -5.461 25.751
900 73.0 -5.490 25.616
912 73.0 -5.603 25.601
924 73.0 -5.679 25.568
936 73.0 -5.705 25.527
948 73.0 -5.597 25.621
744 96.0 24.886 6.866
756 96.0 24.654 7.408
768 96.0 24.531 7.698
780 96.0 24.269 7.989
792 96.0 24.110 8.552
804 96.0 23.872 8.898
816 96.0 23.467 9.208
828 96.0 23.437 9.662
840 96.0 23.329 10.025
852 96.0 23.016 10.278
864 96.0 22.682 10.532
876 96.0 22.557 11.206
888 96.0 22.426 11.510
900 96.0 22.174 11.983
912 96.0 22.117 12.269
924 96.0 21.768 12.644
936 96.0 21.314 12.975
948 96.0 21.068 13.285
960 96.0 20.638 13.554
972 96.0 20.247 13.892
792 86.0 -5.314 25.763
804 86.0 -5.202 26.066
816 86.0 -4.775 26.120
828 86.0 -4.444 26.392
840 86.0 -4.149 26.635
852 86.0 -3.886 26.862
864 86.0 -3.043 26.887
876 86.0 -2.440 26.921
888 86.0 -1.681 27.220
900 86.0 -1.249 27.187
912 86.0 -0.617 27.444
924 86.0 -0.211 27.507
936 86.0 0.628 27.629
948 86.0 1.248 27.818
960 86.0 1.815 27.758
972 86.0 2.481 27.777
984 86.0 3.147 27.962
996 86.0 3.527 28.027
1008 86.0 4.369 28.190
1020 86.0 4.939 28.078
960 64.0 -3.340 21.657
972 64.0 -3.280 21.658
984 64.0 -3.355 21.636
996 64.0 -3.223 21.647
1008 64.0 -3.494 21.686
1020 64.0 -3.285 21.747
1032 64.0 -3.363 21.684
1044 64.0 -3.330 21.727
1056 64.0 -3.350 21.722
1068 64.0 -3.384 21.845
1080 64.0 -3.375 21.805
1092 64.0 -3.315 21.781
1104 64.0 -3.567 21.835
1116 64.0 -3.414 21.768
1128 64.0 -3.517 21.788
1140 64.0 -3.569 21.805
1152 64.0 -3.613 21.800
1164 64.0 -3.507 21.940
1176 64.0 -3.425 21.741
1188 64.0 -3.643 21.922
960 74.0 -5.549 25.686
972 74.0 -5.677 25.614
984 74.0 -5.620 25.608
996 74.0 -5.499 25.629
1008 74.0 -5.569 25.598
1020 74.0 -5.583 25.521
1032 74.0 -5.543 25.675
1044 74.0 -5.591 25.697
1056 74.0 -5.584 25.465
1068 74.0 -5.614 25.545
1080 74.0 -5.541 25.534
1092 74.0 -5.558 25.582
1104 74.0 -5.608 25.601
1116 74.0 -5.599 25.631
1128 74.0 -5.638 25.608
1140 74.0 -5.595 25.483
1152 74.0 -5.723 25.655
1164 74.0 -5.683 25.540
1176 74.0 -5.615 25.629
1188 74.0 -5.789 25.635
984 29.0 -1.418 34.984
996 29.0 -2.402 34.259
1008 29.0 -2.645 33.838
1020 29.0 -3.304 33.161
1032 29.0 -3.493 32.433
1044 29.0 -4.241 31.891
1056 29.0 -4.858 30.836
1068 29.0 -5.190 30.663
1080 29.0 -6.097 30.096
1092 29.0 -5.875 29.774
1104 29.0 -6.218 29.333
1116 29.0 -6.533 29.290
1128 29.0 -6.832 28.906
1140 29.0 -7.097 28.386
1152 29.0 -7.746 28.082
1164 29.0 -8.104 27.517
1176 29.0 -8.484 27.330
1188 29.0 -8.648 27.091
1200 29.0 -9.209 26.540
1212 29.0 -9.593 25.952
996 23.0 -3.399 20.739
1008 23.0 -3.384 20.800
1020 23.0 -3.245 20.608
1032 23.0 -3.049 20.671
1044 23.0 -3.367 20.726
1056 23.0 -3.407 20.707
1068 23.0 -3.365 20.613
1080 23.0 -3.257 20.794
1092 23.0 -3.317 20.607
1104 23.0 -3.389 20.585
1116 23.0 -3.676 20.481
1128 23.0 -3.564 20.498
1140 23.0 -3.311 20.478
1152 23.0 -3.407 20.786
1164 23.0 -3.343 20.645
1176 23.0 -3.294 20.802
1188 23.0 -3.159 20.708
1200 23.0 -3.430 20.535
1212 23.0 -3.544 20.466
1224 23.0 -3.307 20.290
996 31.0 -4.944 24.711
1008 31.0 -4.926 24.838
1020 31.0 -4.863 24.651
1032 31.0 -4.961 24.661
1044 31.0 -4.916 24.675
1056 31.0 -4.694 24.730
1068 31.0 -4.877 24.645
1080 31.0 -4.867 24.976
1092 31.0 -5.013 24.561
1104 31.0 -4.914 24.756
1116 31.0 -4.874 24.837
1128 31.0 -5.055 24.836
1140 31.0 -4.879 24.557
1152 31.0 -4.883 24.647
1164 31.0 -4.906 24.820
1176 31.0 -4.783 24.770
1188 31.0 -4.939 24.740
1200 31.0 -4.889 24.779
1212 31.0 -4.957 24.539
1224 31.0 -4.886 24.643
996 33.0 15.114 -1.033
1008 33.0 14.318 -1.439
1020 33.0 14.483 -2.344
1032 33.0 14.603 -2.553
1044 33.0 14.795 -3.516
1056 33.0 14.488 -3.974
1068 33.0 14.505 -4.844
1080 33.0 14.597 -5.010
1092 33.0 14.610 -5.606
1104 33.0 14.924 -5.730
1116 33.0 15.182 -6.138
1128 33.0 14.788 -6.365
1140 33.0 14.699 -6.983
1152 33.0 14.774 -7.374
1164 33.0 14.483 -7.497
1176 33.0 14.525 -8.040
1188 33.0 14.494 -8.222
1200 33.0 13.986 -8.341
1212 33.0 13.444 -8.857
1224 33.0 12.828 -9.472
996 35.0 20.473 11.108
1008 35.0 19.315 11.151
1020 35.0 19.100 11.532
1032 35.0 18.903 11.904
1044 35.0 18.304 12.331
1056 35.0 18.289 12.644
1068 35.0 18.230 12.688
1080 35.0 18.032 12.920
1092 35.0 18.184 12.877
1104 35.0 18.359 13.040
1116 35.0 18.196 13.137
1128 35.0 18.083 13.264
1140 35.0 18.261 13.302
1152 35.0 18.115 13.441
1164 35.0 18.098 13.605
1176 35.0 17.837 13.630
1188 35.0 17.921 13.725
1200 35.0 17.727 13.836
1212 35.0 17.705 13.990
1224 35.0 17.707 13.865
996 37.0 19.533 10.358
1008 37.0 18.467 10.413
1020 37.0 18.080 10.908
1032 37.0 17.906 11.025
1044 37.0 17.774 11.277
1056 37.0 17.794 11.658
1068 37.0 18.187 11.553
1080 37.0 18.373 11.639
1092 37.0 18.792 11.801
1104 37.0 18.509 12.265
1116 37.0 18.671 11.957
1128 37.0 18.459 11.931
1140 37.0 18.308 11.960
1152 37.0 18.224 12.165
1164 37.0 18.045 12.133
1176 37.0 17.901 12.204
1188 37.0 17.882 12.447
1200 37.0 17.641 12.257
1212 37.0 17.643 12.367
1224 37.0 17.348 12.367
996 42.0 9.225 12.206
1008 42.0 9.403 11.873
1020 42.0 9.706 11.583
1032 42.0 9.970 11.197
1044 42.0 10.372 10.955
1056 42.0 10.900 10.494
1068 42.0 11.141 10.208
1080 42.0 11.468 10.021
1092 42.0 11.834 9.404
1104 42.0 12.035 9.000
1116 42.0 12.024 8.410
1128 42.0 12.431 8.058
1140 42.0 12.866 7.665
1152 42.0 13.097 7.409
1164 42.0 13.328 7.055
1176 42.0 13.551 6.787
1188 42.0 13.864 6.456
1200 42.0 14.142 6.024
1212 42.0 14.525 5.723
1224 42.0 14.568 5.366
996 55.0 -1.512 22.305
1008 55.0 -1.633 22.062
1020 55.0 -1.656 22.114
1032 55.0 -1.591 22.113
1044 55.0 -1.656 22.146
1056 55.0 -1.686 22.094
1068 55.0 -1.740 22.185
1080 55.0 -1.681 22.090
1092 55.0 -1.651 21.995
1104 55.0 -1.691 21.955
1116 55.0 -1.638 22.157
1128 55.0 -1.678 22.117
1140 55.0 -1.556 22.325
1152 55.0 -1.546 22.058
1164 55.0 -1.681 22.102
1176 55.0 -1.787 22.188
1188 55.0 -1.547 22.113
1200 55.0 -1.727 22.205
1212 55.0 -1.612 22.107
1224 55.0 -1.787 22.191
1032 87.0 5.650 28.247
1044 87.0 6.384 28.334
1056 87.0 7.231 28.130
1068 87.0 7.823 28.346
1080 87.0 8.584 28.270
1092 87.0 9.299 28.358
1104 87.0 10.039 28.451
1116 87.0 10.813 28.610
1128 87.0 11.369 28.683
1140 87.0 12.303 28.852
1152 87.0 13.058 29.255
1164 87.0 13.051 29.287
1176 87.0 13.031 29.236
1188 87.0 13.009 29.296
1200 87.0 13.136 29.398
1212 87.0 12.955 29.388
1224 87.0 12.923 29.209
1236 87.0 12.962 29.217
1248 87.0 12.880 29.331
1260 87.0 12.839 29.238
1044 82.0 29.062 -7.738
1056 82.0 28.940 -7.746
1068 82.0 28.972 -7.722
1080 82.0 29.022 -7.590
1092 82.0 29.101 -7.670
1104 82.0 28.991 -7.738
1116 82.0 29.035 -7.746
1128 82.0 29.046 -7.608
1140 82.0 28.836 -7.735
1152 82.0 29.015 -7.578
1164 82.0 28.968 -7.702
1176 82.0 29.076 -7.535
1188 82.0 29.026 -7.595
1200 82.0 28.882 -7.733
1212 82.0 29.048 -7.578
1224 82.0 28.948 -7.527
1236 82.0 28.833 -7.733
1248 82.0 29.078 -7.601
1260 82.0 28.988 -7.680
1272 82.0 28.888 -7.620
1056 39.0 21.031 15.810
1068 39.0 19.950 15.741
1080 39.0 20.067 15.736
1092 39.0 19.880 15.877
1104 39.0 19.916 15.782
1116 39.0 19.888 15.983
1128 39.0 19.959 16.101
1140 39.0 19.813 16.053
1152 39.0 19.827 16.289
1164 39.0 19.724 16.224
1176 39.0 19.516 16.392
1188 39.0 19.571 16.474
1200 39.0 19.667 16.469
1212 39.0 19.568 16.540
1224 39.0 19.616 16.634
1236 39.0 19.574 16.618
1248 39.0 19.392 16.835
1260 39.0 19.467 17.121
1272 39.0 19.122 17.568
1284 39.0 18.883 17.843
1164 40.0 18.686 -15.107
1176 40.0 18.276 -14.587
1188 40.0 18.040 -14.105
1200 40.0 17.685 -13.639
1212 40.0 17.498 -13.114
1224 40.0 17.143 -12.750
1236 40.0 16.828 -12.128
1248 40.0 16.558 -11.534
1260 40.0 16.200 -11.345
1272 40.0 16.002 -10.898
1284 40.0 15.625 -10.363
1296 40.0 15.072 -10.061
1308 40.0 14.896 -9.386
1320 40.0 14.366 -9.036
1332 40.0 14.028 -8.442
1344 40.0 13.683 -7.939
1356 40.0 13.388 -7.537
1368 40.0 12.977 -7.062
1380 40.0 12.534 -6.661
1392 40.0 12.315 -6.080
1200 65.0 -3.620 22.145
1212 65.0 -3.656 22.057
1224 65.0 -3.565 21.929
1236 65.0 -3.689 22.025
1248 65.0 -3.795 21.838
1260 65.0 -3.718 21.680
1272 65.0 -3.648 21.566
1284 65.0 -3.737 22.008
1296 65.0 -3.750 22.066
1308 65.0 -3.664 21.959
1320 65.0 -3.710 22.001
1332 65.0 -3.551 22.005
1344 65.0 -3.659 22.042
1356 65.0 -3.752 22.068
1368 65.0 -4.001 21.928
1380 65.0 -3.701 22.050
1392 65.0 -3.778 21.941
1404 65.0 -3.807 22.152
1416 65.0 -3.906 21.861
1428 65.0 -3.839 22.192
1200 75.0 -5.676 25.617
1212 75.0 -5.580 25.469
1224 75.0 -5.827 25.527
1236 75.0 -5.677 25.532
1248 75.0 -5.696 25.870
1260 75.0 -5.799 25.726
1272 75.0 -5.816 25.455
1284 75.0 -5.773 25.430
1296 75.0 -5.765 25.581
1308 75.0 -5.804 25.578
1320 75.0 -5.861 25.654
1332 75.0 -5.873 25.703
1344 75.0 -5.699 25.539
1356 75.0 -5.836 25.474
1368 75.0 -5.666 25.568
1380 75.0 -5.829 25.611
1392 75.0 -6.025 25.641
1404 75.0 -6.028 25.770
1416 75.0 -5.948 25.543
1428 75.0 -5.915 25.508
1236 24.0 -3.315 20.735
1248 24.0 -3.356 20.580
1260 24.0 -3.297 20.572
1272 24.0 -3.513 20.482
1284 24.0 -3.444 20.783
1296 24.0 -3.308 20.806
1308 24.0 -3.424 20.554
1320 24.0 -3.368 20.560
1332 24.0 -3.336 20.528
1344 24.0 -3.373 20.707
1356 24.0 -3.344 20.544
1368 24.0 -3.419 20.745
1380 24.0 -3.390 20.657
1392 24.0 -3.345 20.584
1404 24.0 -3.245 20.535
1416 24.0 -3.409 20.717
1428 24.0 -3.280 20.588
1440 24.0 -3.471 20.692
1452 24.0 -3.486 20.656
1464 24.0 -3.401 20.731
1236 32.0 -4.887 24.738
1248 32.0 -4.773 24.791
1260 32.0 -4.848 24.657
1272 32.0 -4.779 24.720
1284 32.0 -4.913 24.790
1296 32.0 -4.947 24.774
1308 32.0 -4.865 24.746
1320 32.0 -4.934 24.711
1332 32.0 -4.798 24.825
1344 32.0 -4.856 24.673
1356 32.0 -4.898 24.756
1368 32.0 -4.905 24.800
1380 32.0 -4.954 24.732
1392 32.0 -4.859 24.816
1404 32.0 -4.832 24.715
1416 32.0 -4.890 24.820
1428 32.0 -5.000 24.726
1440 32.0 -4.863 24.755
1452 32.0 -4.929 24.720
1464 32.0 -4.878 24.675
1236 34.0 12.226 -9.671
1248 34.0 11.562 -9.987
1260 34.0 11.826 -9.962
1272 34.0 11.791 -9.956
1284 34.0 11.648 -10.124
1296 34.0 11.578 -10.155
1308 34.0 11.521 -10.145
1320 34.0 11.412 -10.047
1332 34.0 11.712 -10.042
1344 34.0 11.382 -9.792
1356 34.0 11.601 -10.330
1368 34.0 11.549 -9.826
1380 34.0 11.671 -10.102
1392 34.0 11.550 -9.950
1404 34.0 11.489 -9.951
1416 34.0 11.719 -9.956
1428 34.0 11.852 -9.996
1440 34.0 11.661 -9.828
1452 34.0 11.633 -9.887
1464 34.0 11.633 -10.073
1236 36.0 17.598 13.910
1248 36.0 17.380 14.037
1260 36.0 17.255 14.248
1272 36.0 17.281 14.105
1284 36.0 16.692 14.242
1296 36.0 16.444 14.151
1308 36.0 15.910 13.931
1320 36.0 15.693 14.049
1332 36.0 15.310 14.515
1344 36.0 15.129 14.919
1356 36.0 14.659 15.533
1368 36.0 14.662 15.883
1380 36.0 14.352 16.617
1392 36.0 13.769 17.546
1404 36.0 13.409 18.686
1416 36.0 13.011 19.523
1428 36.0 12.002 20.091
1440 36.0 11.316 20.722
1452 36.0 10.608 21.236
1464 36.0 9.895 22.468
1236 38.0 17.221 12.364
1248 38.0 17.035 12.432
1260 38.0 16.964 12.484
1272 38.0 16.924 12.384
1284 38.0 15.950 12.451
1296 38.0 15.398 12.585
1308 38.0 14.317 12.667
1320 38.0 13.818 12.521
1332 38.0 13.475 13.088
1344 38.0 13.324 13.795
1356 38.0 13.079 14.268
1368 38.0 12.530 14.867
1380 38.0 12.052 15.924
1392 38.0 11.665 16.411
1404 38.0 11.220 17.074
1416 38.0 10.778 18.084
1428 38.0 9.887 18.668
1440 38.0 9.518 19.534
1452 38.0 9.008 20.601
1464 38.0 8.376 21.699
1236 43.0 14.874 4.909
1248 43.0 14.785 4.566
1260 43.0 14.969 3.915
1272 43.0 15.162 3.200
1284 43.0 15.190 3.061
1296 43.0 15.208 2.403
1308 43.0 15.491 1.997
1320 43.0 15.452 1.694
1332 43.0 15.589 1.068
1344 43.0 15.497 0.536
1356 43.0 15.580 0.195
1368 43.0 15.316 -0.083
1380 43.0 15.198 -0.652
1392 43.0 15.101 -1.007
1404 43.0 14.845 -1.512
1416 43.0 14.979 -1.959
1428 43.0 15.064 -2.295
1440 43.0 15.331 -2.762
1452 43.0 15.520 -3.227
1464 43.0 15.545 -3.585
1236 56.0 -1.679 22.119
1248 56.0 -1.435 22.239
1260 56.0 -1.596 22.162
1272 56.0 -1.562 22.067
1284 56.0 -1.574 22.086
1296 56.0 -1.762 22.294
1308 56.0 -1.800 22.050
1320 56.0 -1.727 22.222
1332 56.0 -1.645 21.961
1344 56.0 -1.483 21.955
1356 56.0 -1.485 22.107
1368 56.0 -1.641 21.870
1380 56.0 -1.580 22.047
1392 56.0 -1.754 22.034
1404 56.0 -1.727 22.184
1416 56.0 -1.602 21.999
1428 56.0 -1.588 22.028
1440 56.0 -1.637 22.111
1452 56.0 -1.709 22.245
1464 56.0 -1.877 21.909
1272 88.0 12.893 29.435
1284 88.0 12.713 29.491
1296 88.0 12.806 29.484
1308 88.0 12.870 29.620
1320 88.0 12.682 29.440
1332 88.0 12.774 29.401
1344 88.0 12.762 29.336
1356 88.0 12.842 29.487
1368 88.0 12.570 29.480
1380 88.0 12.592 29.451
1392 88.0 12.488 29.513
1404 88.0 12.578 29.535
1416 88.0 12.670 29.439
1428 88.0 12.592 29.384
1440 88.0 12.743 29.522
1452 88.0 12.709 29.424
1464 88.0 12.436 29.605
1476 88.0 12.402 29.331
1488 88.0 12.339 29.681
1500 88.0 12.355 29.773
1284 83.0 29.293 -7.541
1296 83.0 28.965 -7.732
1308 83.0 28.816 -7.409
1320 83.0 29.081 -7.567
1332 83.0 29.067 -7.721
1344 83.0 28.912 -7.610
1356 83.0 29.099 -7.504
1368 83.0 28.945 -7.623
1380 83.0 29.311 -7.773
1392 83.0 28.980 -7.409
1404 83.0 29.119 -7.659
1416 83.0 29.086 -7.810
1428 83.0 28.919 -7.648
1440 83.0 28.921 -7.598
1452 83.0 28.874 -7.613
1464 83.0 28.883 -7.626
1476 83.0 28.925 -7.778
1488 83.0 29.059 -7.198
1500 83.0 28.976 -7.947
1512 83.0 28.743 -7.458
1308 50.0 17.821 21.673
1320 50.0 18.096 21.226
1332 50.0 18.474 20.844
1344 50.0 18.801 20.368
1356 50.0 18.839 19.813
1368 50.0 19.178 19.246
1380 50.0 19.544 18.501
1392 50.0 19.663 17.951
1404 50.0 19.871 17.731
1416 50.0 20.012 16.970
1428 50.0 20.568 16.429
1440 50.0 21.012 16.052
1452 50.0 20.943 15.579
1464 50.0 21.192 15.236
1476 50.0 21.587 14.736
1488 50.0 21.713 14.227
1500 50.0 21.887 13.940
1512 50.0 22.243 13.490
1524 50.0 22.744 13.075
1536 50.0 22.987 12.686
1392 79.0 0.929 37.307
1404 79.0 1.424 36.715
1416 79.0 1.730 36.453
1428 79.0 1.673 35.983
1440 79.0 2.462 35.601
1452 79.0 3.071 35.480
1464 79.0 3.724 35.021
1476 79.0 4.038 34.543
1488 79.0 4.427 34.182
1500 79.0 4.829 33.870
1512 79.0 4.941 33.445
1524 79.0 4.854 32.820
1536 79.0 5.317 32.280
1548 79.0 5.448 31.783
1560 79.0 5.719 31.286
1572 79.0 6.136 30.928
1584 79.0 6.278 30.537
1596 79.0 6.208 29.897
1608 79.0 6.520 29.524
1620 79.0 6.723 29.032
1404 41.0 11.988 -5.647
1416 41.0 11.660 -4.886
1428 41.0 11.100 -4.469
1440 41.0 10.995 -3.599
1452 41.0 10.853 -3.045
1464 41.0 10.234 -2.507
1476 41.0 9.605 -1.876
1488 41.0 9.330 -1.344
1500 41.0 9.174 -0.751
1512 41.0 8.774 -0.298
1524 41.0 8.997 0.488
1536 41.0 8.542 0.700
1548 41.0 8.761 1.357
1560 41.0 8.251 1.865
1572 41.0 7.732 2.886
1584 41.0 7.763 3.112
1596 41.0 7.426 4.049
1608 41.0 7.099 4.476
1620 41.0 6.553 4.824
1632 41.0 6.327 5.405
1440 66.0 -3.760 22.119
1452 66.0 -3.807 22.019
1464 66.0 -3.927 22.170
1476 66.0 -3.823 22.229
1488 66.0 -3.890 22.092
1500 66.0 -3.894 22.093
1512 66.0 -3.971 22.237
1524 66.0 -3.892 22.223
1536 66.0 -3.922 22.090
1548 66.0 -3.877 22.371
1560 66.0 -3.731 22.176
1572 66.0 -3.871 22.117
1584 66.0 -3.769 22.350
1596 66.0 -3.875 22.227
1608 66.0 -3.877 22.319
1620 66.0 -3.763 22.418
1632 66.0 -3.738 22.331
1644 66.0 -3.749 22.470
1656 66.0 -3.557 22.329
1668 66.0 -3.716 22.552
1440 76.0 -5.933 25.643
1452 76.0 -5.975 25.687
1464 76.0 -5.958 25.632
1476 76.0 -5.860 25.567
1488 76.0 -5.949 25.700
1500 76.0 -5.925 25.544
1512 76.0 -5.922 25.530
1524 76.0 -5.900 25.603
1536 76.0 -5.830 25.498
1548 76.0 -5.701 25.488
1560 76.0 -5.703 25.594
1572 76.0 -5.554 25.406
1584 76.0 -5.460 25.506
1596 76.0 -5.462 25.544
1608 76.0 -5.470 25.497
1620 76.0 -5.256 25.524
1632 76.0 -5.263 25.493
1644 76.0 -5.085 25.355
1656 76.0 -5.058 25.374
1668 76.0 -4.897 25.396
1476 44.0 15.680 -3.945
1488 44.0 15.715 -4.498
1500 44.0 16.021 -4.758
1512 44.0 15.948 -5.271
1524 44.0 15.945 -5.710
1536 44.0 15.943 -6.106
1548 44.0 16.018 -6.542
1560 44.0 16.202 -6.960
1572 44.0 16.000 -7.453
1584 44.0 16.109 -8.235
1596 44.0 15.953 -8.480
1608 44.0 16.065 -8.986
1620 44.0 16.000 -9.561
1632 44.0 15.925 -10.017
1644 44.0 15.773 -10.569
1656 44.0 16.107 -10.944
1668 44.0 16.592 -11.436
1680 44.0 17.169 -11.703
1692 44.0 16.943 -12.352
1704 44.0 17.045 -12.586
1476 57.0 -1.474 22.148
1488 57.0 -1.676 22.101
1500 57.0 -1.616 22.207
1512 57.0 -1.555 22.137
1524 57.0 -1.946 22.241
1536 57.0 -1.551 22.149
1548 57.0 -1.563 22.039
1560 57.0 -1.905 21.774
1572 57.0 -1.710 22.052
1584 57.0 -1.810 21.941
1596 57.0 -2.011 22.061
1608 57.0 -1.992 22.043
1620 57.0 -1.924 21.825
1632 57.0 -1.786 21.787
1644 57.0 -1.772 22.047
1656 57.0 -1.787 21.926
1668 57.0 -1.611 21.765
1680 57.0 -2.011 21.978
1692 57.0 -1.899 21.887
1704 57.0 -1.795 21.768
1500 46.0 28.384 2.789
1512 46.0 27.876 3.253
1524 46.0 27.277 3.522
1536 46.0 27.026 3.979
1548 46.0 26.829 4.341
1560 46.0 26.699 4.705
1572 46.0 26.363 5.037
1584 46.0 26.376 5.362
1596 46.0 25.955 5.682
1608 46.0 25.581 6.124
1620 46.0 25.497 6.794
1632 46.0 25.227 7.613
1644 46.0 25.253 8.118
1656 46.0 25.145 8.775
1668 46.0 24.796 9.373
1680 46.0 24.467 10.055
1692 46.0 24.243 10.612
1704 46.0 24.036 11.178
1716 46.0 23.774 11.863
1728 46.0 23.535 12.294
1500 48.0 26.571 4.543
1512 48.0 26.318 4.800
1524 48.0 26.190 5.290
1536 48.0 25.796 5.294
1548 48.0 25.853 5.396
1560 48.0 25.282 5.960
1572 48.0 25.189 6.112
1584 48.0 25.043 6.374
1596 48.0 24.584 6.803
1608 48.0 24.401 7.136
1620 48.0 23.643 7.938
1632 48.0 23.133 8.785
1644 48.0 22.524 9.732
1656 48.0 21.971 10.494
1668 48.0 22.033 10.380
1680 48.0 21.917 10.684
1692 48.0 21.648 10.843
1704 48.0 21.505 10.934
1716 48.0 21.555 11.304
1728 48.0 21.699 11.317
1500 51.0 21.021 12.477
1512 51.0 20.742 12.882
1524 51.0 20.748 13.189
1536 51.0 20.706 13.260
1548 51.0 20.576 13.588
1560 51.0 20.499 13.731
1572 51.0 20.489 14.409
1584 51.0 20.141 14.533
1596 51.0 20.192 15.005
1608 51.0 19.993 14.985
1620 51.0 19.806 15.817
1632 51.0 19.515 16.210
1644 51.0 19.383 16.530
1656 51.0 18.932 17.142
1668 51.0 18.903 17.594
1680 51.0 18.391 17.960
1692 51.0 18.028 18.476
1704 51.0 17.686 18.884
1716 51.0 17.774 19.348
1728 51.0 17.239 19.830
1500 53.0 4.797 38.308
1512 53.0 4.882 38.496
1524 53.0 5.032 38.292
1536 53.0 5.110 38.532
1548 53.0 5.013 38.342
1560 53.0 4.942 38.027
1572 53.0 4.910 38.170
1584 53.0 5.008 37.912
1596 53.0 4.832 38.002
1608 53.0 4.657 37.898
1620 53.0 4.701 38.151
1632 53.0 4.665 37.908
1644 53.0 4.640 38.399
1656 53.0 4.633 37.929
1668 53.0 4.717 37.881
1680 53.0 4.761 37.976
1692 53.0 4.760 38.284
1704 53.0 4.515 38.077
1716 53.0 4.420 38.052
1728 53.0 4.498 37.936
1512 89.0 12.281 29.654
1524 89.0 12.288 29.736
1536 89.0 12.142 29.686
1548 89.0 12.232 29.645
1560 89.0 12.175 29.696
1572 89.0 12.286 29.965
1584 89.0 12.104 29.838
1596 89.0 12.202 29.478
1608 89.0 12.176 29.999
1620 89.0 12.049 30.399
1632 89.0 11.895 30.859
1644 89.0 11.650 30.938
1656 89.0 11.709 31.327
1668 89.0 11.403 31.749
1680 89.0 11.311 32.197
1692 89.0 10.953 32.387
1704 89.0 10.758 32.710
1716 89.0 10.395 33.009
1728 89.0 10.389 33.389
1740 89.0 10.302 33.515
1524 84.0 29.072 -7.555
1536 84.0 29.046 -7.656
1548 84.0 29.059 -7.541
1560 84.0 28.932 -7.674
1572 84.0 29.062 -7.663
1584 84.0 29.154 -7.645
1596 84.0 29.069 -7.652
1608 84.0 29.058 -7.575
1620 84.0 29.179 -7.707
1632 84.0 29.069 -7.598
1644 84.0 29.052 -7.681
1656 84.0 29.094 -7.721
1668 84.0 29.269 -7.632
1680 84.0 29.232 -7.612
1692 84.0 29.047 -7.621
1704 84.0 29.157 -7.683
1716 84.0 29.262 -7.731
1728 84.0 29.174 -7.701
1740 84.0 29.227 -7.600
1752 84.0 29.391 -7.502
1632 80.0 7.006 28.476
1644 80.0 7.446 28.233
1656 80.0 8.044 28.356
1668 80.0 8.620 28.357
1680 80.0 9.361 28.412
1692 80.0 9.954 28.258
1704 80.0 10.655 27.988
1716 80.0 11.075 27.470
1728 80.0 11.588 26.950
1740 80.0 11.729 26.519
1752 80.0 12.020 26.120
1764 80.0 12.249 25.565
1776 80.0 12.488 25.261
1788 80.0 12.585 24.546
1800 80.0 13.012 24.138
1812 80.0 12.997 23.618
1824 80.0 13.346 22.847
1836 80.0 13.453 22.525
1848 80.0 13.745 22.169
1860 80.0 13.702 21.576
1680 67.0 -3.557 22.322
1692 67.0 -3.541 22.635
1704 67.0 -3.509 22.431
1716 67.0 -3.623 22.718
1728 67.0 -3.513 22.517
1740 67.0 -3.655 22.483
1752 67.0 -3.613 22.874
1764 67.0 -3.464 22.514
1776 67.0 -3.233 22.936
1788 67.0 -3.701 22.563
1800 67.0 -3.519 23.022
1812 67.0 -3.408 22.860
1824 67.0 -3.351 22.777
1836 67.0 -3.402 22.845
1848 67.0 -3.335 22.940
1860 67.0 -3.381 22.872
1872 67.0 -3.244 22.862
1884 67.0 -3.419 22.966
1896 67.0 -3.097 23.088
1908 67.0 -3.259 22.917
1680 77.0 -5.044 25.396
1692 77.0 -4.696 25.412
1704 77.0 -4.958 25.265
1716 77.0 -4.807 25.394
1728 77.0 -4.720 25.511
1740 77.0 -4.686 25.303
1752 77.0 -4.645 25.162
1764 77.0 -4.694 25.289
1776 77.0 -4.562 25.407
1788 77.0 -4.814 25.376
1800 77.0 -4.476 25.344
1812 77.0 -4.618 25.461
1824 77.0 -4.722 25.253
1836 77.0 -4.765 25.501
1848 77.0 -4.707 25.554
1860 77.0 -4.623 25.339
1872 77.0 -4.606 25.389
1884 77.0 -4.603 25.302
1896 77.0 -4.612 25.339
1908 77.0 -4.732 25.486
1716 45.0 17.225 -13.089
1728 45.0 17.593 -13.461
1740 45.0 17.906 -13.869
1752 45.0 18.457 -14.143
1764 45.0 18.630 -14.902
1776 45.0 18.865 -15.338
1788 45.0 19.124 -15.519
1800 45.0 19.486 -16.204
1812 45.0 20.166 -16.574
1824 45.0 20.186 -16.460
1836 45.0 20.235 -16.873
1848 45.0 20.661 -17.198
1860 45.0 20.516 -17.152
1872 45.0 20.460 -17.216
1884 45.0 20.489 -17.300
1896 45.0 20.501 -17.155
1908 45.0 20.501 -17.238
1920 45.0 20.466 -17.150
1932 45.0 20.490 -17.201
1944 45.0 20.515 -17.240
1716 58.0 -2.172 21.902
1728 58.0 -2.079 21.841
1740 58.0 -1.901 21.948
1752 58.0 -1.861 21.936
1764 58.0 -2.276 21.957
1776 58.0 -2.027 21.865
1788 58.0 -1.659 21.899
1800 58.0 -1.846 21.742
1812 58.0 -1.994 22.209
1824 58.0 -2.294 21.858
1836 58.0 -1.841 21.987
1848 58.0 -2.320 21.841
1860 58.0 -1.945 21.685
1872 58.0 -2.448 21.803
1884 58.0 -2.048 21.785
1896 58.0 -2.311 21.877
1908 58.0 -2.255 21.767
1920 58.0 -2.256 21.693
1932 58.0 -2.379 21.783
1944 58.0 -2.150 21.785
1740 47.0 23.254 12.759
1752 47.0 22.960 13.553
1764 47.0 22.728 14.164
1776 47.0 22.688 14.686
1788 47.0 22.598 15.696
1800 47.0 22.245 16.035
1812 47.0 21.968 16.686
1824 47.0 21.651 16.722
1836 47.0 21.400 16.876
1848 47.0 21.092 17.057
1860 47.0 20.564 17.387
1872 47.0 20.370 17.512
1884 47.0 19.580 18.437
1896 47.0 19.547 18.591
1908 47.0 19.299 18.682
1920 47.0 19.256 19.358
1932 47.0 18.484 19.962
1944 47.0 18.373 20.245
1956 47.0 18.213 20.521
1968 47.0 17.559 20.974
1740 49.0 21.322 11.506
1752 49.0 21.306 11.597
1764 49.0 21.103 11.981
1776 49.0 20.767 12.087
1788 49.0 20.717 12.450
1800 49.0 20.329 12.731
1812 49.0 19.906 13.454
1824 49.0 19.781 14.233
1836 49.0 19.066 14.072
1848 49.0 19.252 14.627
1860 49.0 18.944 14.663
1872 49.0 18.717 15.047
1884 49.0 18.799 15.146
1896 49.0 18.157 15.624
1908 49.0 18.166 16.065
1920 49.0 17.804 16.579
1932 49.0 17.703 16.994
1944 49.0 17.537 17.761
1956 49.0 17.362 18.188
1968 49.0 17.204 18.451
1740 52.0 16.929 20.443
1752 52.0 16.691 20.899
1764 52.0 16.415 21.435
1776 52.0 16.336 22.087
1788 52.0 15.811 22.659
1800 52.0 15.603 23.351
1812 52.0 15.494 23.444
1824 52.0 15.376 23.259
1836 52.0 15.282 23.480
1848 52.0 15.178 23.431
1860 52.0 15.094 23.559
1872 52.0 15.192 23.628
1884 52.0 15.025 23.745
1896 52.0 15.039 23.664
1908 52.0 14.345 24.290
1920 52.0 13.785 25.300
1932 52.0 13.126 25.930
1944 52.0 12.631 26.804
1956 52.0 12.199 27.706
1968 52.0 11.650 28.564
1740 54.0 4.329 37.847
1752 54.0 4.536 38.034
1764 54.0 4.365 37.979
1776 54.0 4.325 38.019
1788 54.0 4.454 37.987
1800 54.0 4.301 37.965
1812 54.0 4.445 37.911
1824 54.0 4.348 38.006
1836 54.0 4.447 37.983
1848 54.0 4.441 37.998
1860 54.0 4.380 38.191
1872 54.0 4.313 37.921
1884 54.0 4.141 37.957
1896 54.0 4.225 37.970
1908 54.0 4.081 38.067
1920 54.0 4.218 37.945
1932 54.0 4.142 37.992
1944 54.0 4.312 37.986
1956 54.0 4.112 37.859
1968 54.0 4.075 38.020
1752 90.0 10.057 34.142
1764 90.0 9.808 34.178
1776 90.0 9.679 34.730
1788 90.0 9.533 34.914
1800 90.0 9.118 35.050
1812 90.0 8.946 35.641
1824 90.0 8.861 35.933
1836 90.0 8.644 36.299
1848 90.0 8.666 36.321
1860 90.0 8.697 36.152
1872 90.0 8.784 36.076
1884 90.0 8.625 36.203
1896 90.0 8.699 36.131
1908 90.0 8.497 36.036
1920 90.0 8.740 36.113
1932 90.0 9.007 36.264
1944 90.0 8.780 36.306
1956 90.0 8.611 36.112
1968 90.0 9.031 36.148
1980 90.0 8.766 36.143
1764 85.0 29.326 -7.571
1776 85.0 29.277 -7.634
1788 85.0 29.191 -7.772
1800 85.0 29.323 -7.524
1812 85.0 29.276 -7.615
1824 85.0 29.274 -7.650
1836 85.0 29.373 -7.585
1848 85.0 29.351 -7.589
1860 85.0 29.435 -7.703
1872 85.0 29.364 -7.745
1884 85.0 29.396 -7.637
1896 85.0 29.361 -7.659
1908 85.0 29.495 -7.562
1920 85.0 29.509 -7.527
1932 85.0 29.684 -7.567
1944 85.0 29.507 -7.659
1956 85.0 29.493 -7.438
1968 85.0 29.418 -7.617
1980 85.0 29.491 -7.683
1992 85.0 29.526 -7.615
1872 81.0 14.228 21.251
1884 81.0 14.102 20.627
1896 81.0 14.413 20.234
1908 81.0 14.410 19.380
1920 81.0 14.908 19.284
1932 81.0 14.838 18.523
1944 81.0 15.467 18.228
1956 81.0 15.414 17.662
1968 81.0 16.169 17.589
1980 81.0 16.177 17.121
1992 81.0 16.582 16.195
2004 81.0 17.040 16.128
2016 81.0 18.109 16.210
2028 81.0 18.862 16.049
2040 81.0 19.270 15.963
2052 81.0 19.961 15.960
2064 81.0 20.018 15.656
2076 81.0 20.385 15.321
2088 81.0 20.439 15.057
2100 81.0 20.812 14.745
1920 68.0 -3.292 22.986
1932 68.0 -3.571 22.945
1944 68.0 -3.428 23.114
1956 68.0 -3.205 23.047
1968 68.0 -3.369 23.219
1980 68.0 -3.220 23.059
1992 68.0 -3.065 23.199
2004 68.0 -3.199 23.088
2016 68.0 -3.116 23.107
2028 68.0 -3.270 22.996
2040 68.0 -3.060 23.259
2052 68.0 -3.282 23.150
2064 68.0 -3.146 23.042
2076 68.0 -2.878 23.086
2088 68.0 -3.147 23.086
2100 68.0 -3.123 22.810
2112 68.0 -3.119 22.969
2124 68.0 -3.002 22.733
2136 68.0 -2.864 22.887
2148 68.0 -3.044 23.044
1920 78.0 -4.693 25.535
1932 78.0 -4.699 25.524
1944 78.0 -4.794 25.474
1956 78.0 -4.537 25.096
1968 78.0 -4.608 25.416
1980 78.0 -4.630 25.237
1992 78.0 -4.872 25.622
2004 78.0 -4.958 25.372
2016 78.0 -5.038 25.365
2028 78.0 -4.647 25.400
2040 78.0 -4.595 25.359
2052 78.0 -4.622 25.573
2064 78.0 -4.399 25.038
2076 78.0 -4.674 25.432
2088 78.0 -4.657 25.440
2100 78.0 -4.386 25.500
2112 78.0 -4.735 25.475
2124 78.0 -4.275 25.608
2136 78.0 -4.628 25.408
2148 78.0 -4.215 25.531
1944 69.0 13.514 -9.355
1956 69.0 13.683 -9.521
1968 69.0 13.722 -9.863
1980 69.0 13.913 -10.008
1992 69.0 13.935 -10.297
2004 69.0 14.158 -10.698
2016 69.0 14.542 -10.891
2028 69.0 14.998 -11.007
2040 69.0 15.283 -11.424
2052 69.0 15.424 -11.905
2064 69.0 15.840 -11.988
2076 69.0 16.259 -12.631
2088 69.0 16.470 -13.077
2100 69.0 16.593 -13.542
2112 69.0 16.759 -13.835
2124 69.0 17.338 -13.853
2136 69.0 17.863 -14.581
2148 69.0 18.165 -14.924
2160 69.0 18.384 -15.368
2172 69.0 18.584 -15.877
1956 59.0 -2.326 21.815
1968 59.0 -2.319 21.762
1980 59.0 -2.253 21.688
1992 59.0 -2.227 21.649
2004 59.0 -2.216 21.666
2016 59.0 -2.293 21.738
2028 59.0 -2.187 21.743
2040 59.0 -2.460 21.709
2052 59.0 -2.185 21.765
2064 59.0 -2.326 21.713
2076 59.0 -2.260 21.772
2088 59.0 -2.359 21.813
2100 59.0 -2.320 21.642
2112 59.0 -2.212 21.896
2124 59.0 -2.328 21.837
2136 59.0 -2.224 21.850
2148 59.0 -2.305 21.839
2160 59.0 -2.237 21.924
2172 59.0 -2.281 21.814
2184 59.0 -2.177 21.973
