336 26.0 8.937 27.796
348 26.0 8.193 26.913
360 26.0 7.708 27.043
372 26.0 7.023 26.783
384 26.0 6.422 26.879
396 26.0 6.058 26.791
408 26.0 5.472 26.662
420 26.0 5.005 26.541
432 26.0 4.333 26.605
444 26.0 3.868 26.459
456 26.0 3.415 26.462
468 26.0 2.751 26.293
480 26.0 2.147 26.274
492 26.0 1.731 26.229
504 26.0 1.125 26.208
516 26.0 0.571 26.258
528 26.0 0.185 26.133
540 26.0 -0.379 26.208
552 26.0 -0.880 26.328
564 26.0 -1.272 25.811
444 11.0 -30.874 27.411
456 11.0 -29.839 26.643
468 11.0 -29.112 26.589
480 11.0 -28.831 26.354
492 11.0 -28.005 26.167
504 11.0 -27.369 25.947
516 11.0 -26.955 26.467
528 11.0 -26.487 26.501
540 11.0 -26.113 26.798
552 11.0 -25.461 27.199
564 11.0 -24.743 27.262
576 11.0 -24.370 26.912
588 11.0 -23.556 26.624
600 11.0 -23.197 26.453
612 11.0 -22.747 26.366
624 11.0 -21.931 26.111
636 11.0 -21.806 25.612
648 11.0 -20.930 25.082
660 11.0 -20.626 24.488
672 11.0 -20.498 23.961
504 17.0 -19.386 20.705
516 17.0 -19.788 20.759
528 17.0 -20.152 20.754
540 17.0 -20.586 20.599
552 17.0 -20.896 20.476
564 17.0 -21.257 20.456
576 17.0 -21.580 20.338
588 17.0 -22.011 20.202
600 17.0 -22.292 20.218
612 17.0 -22.745 20.235
624 17.0 -22.950 19.990
636 17.0 -23.184 19.963
648 17.0 -23.462 19.923
660 17.0 -23.563 19.902
672 17.0 -23.820 19.986
684 17.0 -24.069 20.047
696 17.0 -24.296 19.881
708 17.0 -24.433 19.758
720 17.0 -24.788 19.827
732 17.0 -24.784 19.806
504 21.0 17.914 4.592
516 21.0 17.912 4.562
528 21.0 17.948 4.643
540 21.0 17.956 4.533
552 21.0 17.867 4.672
564 21.0 18.025 4.535
576 21.0 17.832 4.452
588 21.0 18.039 4.640
600 21.0 18.018 4.510
612 21.0 17.799 4.678
624 21.0 17.903 4.647
636 21.0 17.879 4.743
648 21.0 17.875 4.576
660 21.0 17.915 4.494
672 21.0 18.021 4.576
684 21.0 17.818 4.656
696 21.0 17.846 4.683
708 21.0 17.970 4.613
720 21.0 17.925 4.693
732 21.0 18.023 4.625
576 19.0 21.475 17.380
588 19.0 20.871 17.503
600 19.0 20.027 17.432
612 19.0 19.684 17.319
624 19.0 19.036 17.399
636 19.0 18.459 17.394
648 19.0 18.120 17.150
660 19.0 17.690 17.087
672 19.0 17.341 17.201
684 19.0 16.799 16.854
696 19.0 16.285 16.700
708 19.0 15.734 16.595
720 19.0 15.093 16.619
732 19.0 14.500 16.422
744 19.0 13.681 16.418
756 19.0 13.292 16.435
768 19.0 12.716 16.676
780 19.0 12.239 16.865
792 19.0 11.542 17.176
804 19.0 10.873 17.061
576 27.0 -1.921 25.507
588 27.0 -2.700 25.492
600 27.0 -3.089 24.812
612 27.0 -3.928 24.752
624 27.0 -4.525 24.397
636 27.0 -5.022 24.276
648 27.0 -5.834 24.498
660 27.0 -6.090 24.189
672 27.0 -6.754 24.192
684 27.0 -7.352 24.041
696 27.0 -7.819 23.912
708 27.0 -8.426 24.075
720 27.0 -8.953 23.982
732 27.0 -9.642 24.492
744 27.0 -10.139 24.653
756 27.0 -10.767 24.719
768 27.0 -11.349 24.826
780 27.0 -11.780 24.820
792 27.0 -12.535 24.763
804 27.0 -13.089 24.532
624 31.0 -29.216 31.506
636 31.0 -29.975 30.197
648 31.0 -30.650 29.397
660 31.0 -31.188 28.904
672 31.0 -31.346 28.301
684 31.0 -31.763 27.697
696 31.0 -31.702 27.653
708 31.0 -31.782 27.607
720 31.0 -31.648 27.656
732 31.0 -31.702 27.580
744 31.0 -31.693 27.701
756 31.0 -31.678 27.575
768 31.0 -31.735 27.605
780 31.0 -31.651 27.598
792 31.0 -31.663 27.592
804 31.0 -31.737 27.651
816 31.0 -31.763 27.617
828 31.0 -31.744 27.602
840 31.0 -31.757 27.544
852 31.0 -31.736 27.585
684 12.0 -20.010 23.610
696 12.0 -19.531 23.484
708 12.0 -18.945 22.631
720 12.0 -18.828 22.351
732 12.0 -18.171 22.220
744 12.0 -17.938 21.371
756 12.0 -17.146 20.919
768 12.0 -16.991 20.779
780 12.0 -16.779 20.092
792 12.0 -16.120 19.535
804 12.0 -15.497 19.321
816 12.0 -15.103 18.917
828 12.0 -14.734 18.710
840 12.0 -14.162 18.140
852 12.0 -13.276 17.813
864 12.0 -13.157 17.397
876 12.0 -12.398 17.185
888 12.0 -12.165 16.741
900 12.0 -11.684 16.156
912 12.0 -11.257 16.009
744 22.0 17.751 4.737
756 22.0 17.796 4.486
768 22.0 17.886 4.559
780 22.0 17.844 4.702
792 22.0 17.684 4.744
804 22.0 17.676 4.593
816 22.0 17.872 4.739
828 22.0 18.101 4.808
840 22.0 17.904 4.718
852 22.0 17.955 4.506
864 22.0 17.971 4.514
876 22.0 17.859 4.848
888 22.0 18.010 4.751
900 22.0 18.080 4.642
912 22.0 17.783 4.686
924 22.0 17.714 4.741
936 22.0 17.744 4.692
948 22.0 17.935 4.744
960 22.0 17.994 4.541
972 22.0 17.813 4.654
816 28.0 -13.520 24.680
828 28.0 -14.355 24.936
840 28.0 -14.871 24.933
852 28.0 -15.558 24.855
864 28.0 -16.041 25.262
876 28.0 -16.560 25.356
888 28.0 -17.153 25.545
900 28.0 -17.532 25.531
912 28.0 -17.713 25.621
924 28.0 -18.363 25.525
936 28.0 -18.904 25.684
948 28.0 -19.634 25.809
960 28.0 -20.379 25.979
972 28.0 -21.078 26.027
984 28.0 -21.717 26.221
996 28.0 -22.343 26.524
1008 28.0 -22.869 26.045
1020 28.0 -23.329 26.075
1032 28.0 -23.767 26.148
1044 28.0 -24.718 26.362
864 33.0 -31.536 27.435
876 33.0 -31.681 27.649
888 33.0 -31.702 27.524
900 33.0 -31.713 27.532
912 33.0 -31.764 27.445
924 33.0 -31.709 27.575
936 33.0 -31.668 27.360
948 33.0 -31.652 27.529
960 33.0 -31.786 27.635
972 33.0 -31.568 27.348
984 33.0 -31.792 27.577
996 33.0 -31.632 27.354
1008 33.0 -31.737 27.298
1020 33.0 -31.618 27.426
1032 33.0 -31.598 27.242
1044 33.0 -31.848 27.400
1056 33.0 -31.698 27.398
1068 33.0 -31.501 27.441
1080 33.0 -31.559 27.517
1092 33.0 -31.484 27.299
900 5.0 -30.226 31.685
912 5.0 -30.095 30.813
924 5.0 -29.973 30.308
936 5.0 -29.651 30.164
948 5.0 -29.435 29.921
960 5.0 -28.427 29.508
972 5.0 -27.796 29.514
984 5.0 -27.041 29.094
996 5.0 -26.174 28.676
1008 5.0 -25.666 28.529
1020 5.0 -24.977 28.239
1032 5.0 -24.395 27.867
1044 5.0 -23.936 27.699
1056 5.0 -23.235 27.407
1068 5.0 -22.331 27.118
1080 5.0 -21.946 26.814
1092 5.0 -21.226 26.727
1104 5.0 -20.486 26.527
1116 5.0 -19.702 26.218
1128 5.0 -18.670 26.055
924 13.0 -10.823 15.201
936 13.0 -10.356 14.985
948 13.0 -10.067 14.502
960 13.0 -9.561 14.101
972 13.0 -9.393 13.677
984 13.0 -8.932 13.170
996 13.0 -8.664 12.634
1008 13.0 -8.427 11.831
1020 13.0 -8.405 11.338
1032 13.0 -8.225 10.654
1044 13.0 -8.126 9.938
1056 13.0 -7.962 9.354
1068 13.0 -7.863 8.653
1080 13.0 -7.698 8.159
1092 13.0 -7.648 7.440
1104 13.0 -7.519 6.783
1116 13.0 -7.200 6.132
1128 13.0 -7.196 5.519
1140 13.0 -6.970 4.957
1152 13.0 -7.028 4.124
1104 34.0 -31.504 27.169
1116 34.0 -31.532 27.363
1128 34.0 -31.737 27.465
1140 34.0 -31.732 27.382
1152 34.0 -31.637 27.461
1164 34.0 -31.661 27.431
1176 34.0 -31.647 27.199
1188 34.0 -31.649 27.204
1200 34.0 -31.639 27.128
1212 34.0 -31.670 27.360
1224 34.0 -31.579 27.292
1236 34.0 -31.508 27.270
1248 34.0 -31.638 27.235
1260 34.0 -31.585 27.347
1272 34.0 -31.613 27.251
1284 34.0 -31.567 27.371
1296 34.0 -31.628 27.285
1308 34.0 -31.541 27.324
1320 34.0 -31.609 27.271
1332 34.0 -31.610 27.310
1140 6.0 -18.002 25.768
1152 6.0 -17.338 25.567
1164 6.0 -16.885 25.279
1176 6.0 -15.960 25.115
1188 6.0 -15.334 25.001
1200 6.0 -14.468 25.185
1212 6.0 -13.896 24.668
1224 6.0 -13.375 24.641
1236 6.0 -12.551 24.556
1248 6.0 -11.860 24.533
1260 6.0 -11.143 24.142
1272 6.0 -10.309 24.300
1284 6.0 -9.590 24.291
1296 6.0 -8.875 24.081
1308 6.0 -8.129 24.078
1320 6.0 -7.621 23.856
1332 6.0 -6.945 23.639
1344 6.0 -5.959 23.341
1356 6.0 -5.124 22.996
1368 6.0 -4.590 23.151
1164 14.0 -6.829 3.525
1176 14.0 -6.694 2.833
1188 14.0 -6.527 2.221
1200 14.0 -6.397 1.881
1212 14.0 -6.494 1.118
1224 14.0 -6.269 0.740
1236 14.0 -6.033 -0.310
1248 14.0 -5.909 -0.829
1260 14.0 -5.845 -1.419
1272 14.0 -5.721 -1.987
1284 14.0 -5.431 -2.740
1296 14.0 -5.310 -3.426
1308 14.0 -5.221 -3.984
1320 14.0 -5.105 -4.623
1332 14.0 -4.916 -5.176
1344 14.0 -4.903 -5.963
1356 14.0 -4.839 -6.626
1368 14.0 -4.595 -7.210
1380 14.0 -4.362 -7.856
1392 14.0 -4.425 -8.389
1296 30.0 -31.408 28.621
1308 30.0 -30.689 29.086
1320 30.0 -30.018 29.329
1332 30.0 -29.506 29.908
1344 30.0 -29.087 30.569
1356 30.0 -28.721 31.194
1368 30.0 -28.453 31.550
1380 30.0 -28.442 31.471
1392 30.0 -28.480 31.394
1404 30.0 -28.497 31.408
1416 30.0 -28.511 31.441
1428 30.0 -28.484 31.288
1440 30.0 -28.517 31.515
1452 30.0 -28.527 31.318
1464 30.0 -28.591 31.499
1476 30.0 -28.492 31.422
1488 30.0 -28.449 31.427
1500 30.0 -28.519 31.415
1512 30.0 -28.448 31.437
1524 30.0 -28.510 31.454
1380 7.0 -4.043 23.198
1392 7.0 -3.230 23.054
1404 7.0 -2.576 23.135
1416 7.0 -1.862 23.131
1428 7.0 -1.035 23.108
1440 7.0 -0.451 23.089
1452 7.0 0.334 23.068
1464 7.0 0.927 23.206
1476 7.0 1.541 23.195
1488 7.0 2.233 23.455
1500 7.0 2.807 23.467
1512 7.0 3.302 23.647
1524 7.0 3.688 23.930
1536 7.0 4.146 24.264
1548 7.0 5.012 24.482
1560 7.0 6.090 24.330
1572 7.0 7.143 24.420
1584 7.0 7.980 24.390
1596 7.0 8.393 24.949
1608 7.0 8.813 24.530
1500 32.0 -22.861 22.101
1512 32.0 -23.329 22.122
1524 32.0 -24.033 22.336
1536 32.0 -24.556 22.211
1548 32.0 -25.314 22.102
1560 32.0 -25.884 21.963
1572 32.0 -26.601 21.964
1584 32.0 -27.253 21.768
1596 32.0 -27.720 21.768
1608 32.0 -28.181 21.784
1620 32.0 -28.835 21.735
1632 32.0 -29.380 21.960
1644 32.0 -30.174 22.129
1656 32.0 -30.738 21.726
1668 32.0 -31.010 21.079
1680 32.0 -31.519 20.319
1692 32.0 -31.405 20.032
1704 32.0 -31.516 20.106
1716 32.0 -31.435 19.959
1728 32.0 -31.391 19.801
1500 37.0 18.956 3.864
1512 37.0 18.846 3.815
1524 37.0 18.994 3.641
1536 37.0 18.955 3.581
1548 37.0 18.857 3.674
1560 37.0 18.906 3.622
1572 37.0 18.919 3.510
1584 37.0 18.923 3.595
1596 37.0 18.967 3.508
1608 37.0 18.849 3.449
1620 37.0 18.869 3.511
1632 37.0 18.752 3.494
1644 37.0 18.805 3.541
1656 37.0 18.833 3.452
1668 37.0 18.777 3.572
1680 37.0 18.711 3.481
1692 37.0 18.754 3.485
1704 37.0 18.860 3.579
1716 37.0 18.874 3.399
1728 37.0 18.802 3.523
1620 8.0 9.321 24.241
1632 8.0 10.032 23.601
1644 8.0 10.560 22.723
1656 8.0 11.133 22.592
1668 8.0 12.293 22.360
1680 8.0 12.797 22.267
1692 8.0 13.060 21.444
1704 8.0 13.785 21.263
1716 8.0 14.129 20.750
1728 8.0 15.106 21.005
1740 8.0 15.292 20.766
1752 8.0 15.654 20.912
1764 8.0 16.253 20.988
1776 8.0 17.181 20.507
1788 8.0 17.542 20.538
1800 8.0 18.425 20.310
1812 8.0 19.120 19.978
1824 8.0 19.809 19.917
1836 8.0 20.470 20.227
1848 8.0 20.993 19.403
1740 38.0 18.789 3.515
1752 38.0 18.922 3.506
1764 38.0 18.725 3.630
1776 38.0 18.543 3.347
1788 38.0 18.693 3.521
1800 38.0 18.574 3.328
1812 38.0 18.439 3.487
1824 38.0 18.602 3.633
1836 38.0 18.743 3.552
1848 38.0 18.801 3.455
1860 38.0 18.746 3.514
1872 38.0 18.546 3.327
1884 38.0 18.422 3.521
1896 38.0 18.491 3.409
1908 38.0 18.510 3.575
1920 38.0 18.179 3.354
1932 38.0 18.211 3.394
1944 38.0 18.395 3.476
1956 38.0 18.172 3.448
1968 38.0 18.201 3.517
1860 9.0 21.805 19.231
1872 9.0 21.643 19.256
1884 9.0 21.841 19.372
1896 9.0 21.609 18.980
1908 9.0 21.946 18.795
1920 9.0 21.567 18.793
1932 9.0 21.864 18.889
1944 9.0 21.716 18.457
1956 9.0 21.946 18.814
1968 9.0 21.745 18.357
1980 9.0 21.724 18.299
1992 9.0 21.600 18.306
2004 9.0 21.606 18.263
2016 9.0 21.712 18.085
2028 9.0 21.585 18.010
2040 9.0 21.645 17.978
2052 9.0 21.626 17.754
2064 9.0 21.654 17.507
2076 9.0 21.783 17.775
2088 9.0 21.273 17.750
1968 10.0 -21.308 20.498
1980 10.0 -21.005 20.691
1992 10.0 -20.053 21.718
2004 10.0 -20.425 21.227
2016 10.0 -19.895 21.098
2028 10.0 -19.585 20.669
2040 10.0 -19.291 20.629
2052 10.0 -19.019 20.151
2064 10.0 -19.266 21.313
2076 10.0 -18.472 20.207
2088 10.0 -17.794 19.635
2100 10.0 -17.766 19.716
2112 10.0 -17.324 19.062
2124 10.0 -17.438 19.277
2136 10.0 -17.031 18.668
2148 10.0 -16.986 17.709
2160 10.0 -16.667 17.344
2172 10.0 -16.623 17.964
2184 10.0 -16.550 17.641
2196 10.0 -16.191 15.973
