0 47.0 13.319 -43.155
12 47.0 13.854 -43.817
24 47.0 14.039 -44.334
36 47.0 14.491 -45.052
48 47.0 14.941 -45.694
60 47.0 15.080 -46.031
72 47.0 15.338 -46.568
84 47.0 15.629 -46.984
96 47.0 15.667 -47.449
108 47.0 15.849 -47.823
120 47.0 16.196 -48.418
132 47.0 16.460 -48.668
144 47.0 16.654 -49.573
156 47.0 17.173 -50.115
168 47.0 17.652 -51.160
180 47.0 17.981 -51.520
192 47.0 18.346 -52.101
204 47.0 18.599 -52.887
216 47.0 19.090 -53.531
228 47.0 19.514 -53.784
0 49.0 13.413 -45.483
12 49.0 13.143 -44.896
24 49.0 13.091 -44.778
36 49.0 12.934 -44.450
48 49.0 12.459 -43.994
60 49.0 12.274 -43.681
72 49.0 12.129 -43.224
84 49.0 11.987 -42.463
96 49.0 11.729 -42.132
108 49.0 11.232 -41.400
120 49.0 11.050 -41.032
132 49.0 10.612 -40.440
144 49.0 10.513 -40.489
156 49.0 10.703 -40.625
168 49.0 10.609 -40.531
180 49.0 10.704 -40.469
192 49.0 10.485 -40.672
204 49.0 10.565 -40.635
216 49.0 10.711 -40.675
228 49.0 10.745 -40.682
0 52.0 -12.302 -15.094
12 52.0 -13.165 -15.205
24 52.0 -13.697 -15.565
36 52.0 -14.297 -15.561
48 52.0 -15.028 -15.715
60 52.0 -15.421 -16.093
72 52.0 -16.313 -15.755
84 52.0 -16.698 -16.095
96 52.0 -17.176 -16.031
108 52.0 -18.147 -16.254
120 52.0 -18.605 -15.849
132 52.0 -18.975 -16.217
144 52.0 -19.561 -16.215
156 52.0 -19.669 -16.565
168 52.0 -20.616 -16.863
180 52.0 -20.600 -16.609
192 52.0 -20.596 -16.574
204 52.0 -20.637 -16.450
216 52.0 -20.655 -16.498
228 52.0 -20.604 -16.556
0 54.0 4.102 -1.275
12 54.0 4.183 -1.587
24 54.0 4.593 -1.884
36 54.0 5.330 -2.329
48 54.0 5.596 -2.770
60 54.0 5.968 -3.107
72 54.0 6.369 -3.276
84 54.0 6.598 -3.936
96 54.0 7.254 -3.960
108 54.0 7.926 -4.536
120 54.0 8.221 -5.061
132 54.0 8.855 -5.519
144 54.0 9.451 -6.017
156 54.0 9.870 -6.434
168 54.0 10.410 -6.652
180 54.0 10.712 -6.930
192 54.0 11.296 -7.088
204 54.0 11.809 -7.576
216 54.0 12.250 -7.873
228 54.0 12.600 -8.308
0 56.0 12.453 -5.225
12 56.0 12.670 -5.623
24 56.0 13.077 -6.148
36 56.0 13.303 -6.537
48 56.0 13.495 -7.176
60 56.0 13.896 -7.695
72 56.0 14.071 -8.010
84 56.0 14.425 -8.455
96 56.0 14.703 -9.026
108 56.0 14.990 -9.472
120 56.0 15.536 -9.844
132 56.0 15.751 -10.086
144 56.0 16.106 -10.626
156 56.0 16.674 -10.727
168 56.0 17.060 -11.121
180 56.0 17.597 -11.337
192 56.0 18.043 -11.997
204 56.0 18.583 -13.156
216 56.0 18.835 -13.637
228 56.0 19.116 -14.116
0 58.0 -16.872 7.444
12 58.0 -16.999 7.569
24 58.0 -17.430 7.261
36 58.0 -17.633 7.017
48 58.0 -18.019 7.013
60 58.0 -18.409 6.681
72 58.0 -18.881 6.373
84 58.0 -19.500 5.912
96 58.0 -19.741 5.703
108 58.0 -20.359 5.282
120 58.0 -20.908 5.008
132 58.0 -21.622 4.694
144 58.0 -21.885 4.428
156 58.0 -22.423 4.216
168 58.0 -22.935 3.666
180 58.0 -23.625 3.408
192 58.0 -24.048 3.574
204 58.0 -24.593 3.409
216 58.0 -24.973 3.315
228 58.0 -24.988 2.969
0 91.0 -1.253 -8.726
12 91.0 -2.177 -8.999
24 91.0 -2.378 -9.320
36 91.0 -3.106 -9.940
48 91.0 -3.367 -10.071
60 91.0 -4.229 -10.496
72 91.0 -4.279 -10.997
84 91.0 -5.060 -11.135
96 91.0 -5.443 -11.181
108 91.0 -5.993 -11.731
120 91.0 -6.239 -12.235
132 91.0 -6.237 -12.413
144 91.0 -6.615 -12.877
156 91.0 -7.003 -13.402
168 91.0 -7.149 -13.811
180 91.0 -7.632 -13.817
192 91.0 -7.899 -14.212
204 91.0 -7.905 -14.566
216 91.0 -8.433 -15.103
228 91.0 -8.724 -15.758
96 51.0 20.824 -59.488
108 51.0 20.658 -58.263
120 51.0 20.412 -57.307
132 51.0 20.258 -56.832
144 51.0 19.901 -56.058
156 51.0 19.252 -55.585
168 51.0 19.315 -55.003
180 51.0 18.729 -54.418
192 51.0 18.401 -53.936
204 51.0 18.160 -53.729
216 51.0 17.813 -53.525
228 51.0 17.347 -52.912
240 51.0 16.939 -51.785
252 51.0 16.128 -51.234
264 51.0 15.975 -50.593
276 51.0 15.456 -49.686
288 51.0 14.928 -48.896
300 51.0 14.770 -48.138
312 51.0 14.670 -47.678
324 51.0 14.263 -47.226
240 48.0 19.801 -54.522
252 48.0 20.319 -55.046
264 48.0 20.409 -55.400
276 48.0 20.821 -55.895
288 48.0 20.766 -56.554
300 48.0 21.084 -57.223
312 48.0 21.368 -57.514
324 48.0 21.588 -57.616
336 48.0 21.437 -57.365
348 48.0 20.944 -56.716
360 48.0 20.713 -55.989
372 48.0 20.454 -55.372
384 48.0 20.063 -54.719
396 48.0 19.706 -53.963
408 48.0 19.137 -53.423
420 48.0 18.670 -52.787
432 48.0 18.398 -52.177
444 48.0 18.055 -51.499
456 48.0 17.807 -50.786
468 48.0 17.429 -50.132
240 50.0 10.586 -40.600
252 50.0 10.745 -40.619
264 50.0 10.632 -40.671
276 50.0 10.631 -40.691
288 50.0 10.697 -40.497
300 50.0 10.610 -40.529
312 50.0 10.487 -40.453
324 50.0 10.516 -40.337
336 50.0 10.611 -40.687
348 50.0 10.760 -40.493
360 50.0 10.598 -40.753
372 50.0 10.747 -40.491
384 50.0 10.469 -40.137
396 50.0 10.512 -40.273
408 50.0 10.481 -40.034
420 50.0 10.421 -40.211
432 50.0 10.206 -39.916
444 50.0 10.113 -39.800
456 50.0 10.148 -39.845
468 50.0 9.931 -39.632
240 53.0 -20.837 -16.310
252 53.0 -20.777 -16.413
264 53.0 -20.516 -16.393
276 53.0 -20.855 -16.357
288 53.0 -20.687 -16.439
300 53.0 -20.577 -15.995
312 53.0 -20.564 -16.159
324 53.0 -20.790 -15.947
336 53.0 -20.416 -16.068
348 53.0 -20.591 -16.026
360 53.0 -20.419 -15.884
372 53.0 -20.809 -15.797
384 53.0 -20.267 -15.885
396 53.0 -20.490 -16.262
408 53.0 -19.979 -16.045
420 53.0 -19.982 -16.654
432 53.0 -20.145 -16.921
444 53.0 -20.397 -16.748
456 53.0 -20.405 -16.513
468 53.0 -20.464 -17.034
240 55.0 13.268 -8.757
252 55.0 13.876 -9.308
264 55.0 14.369 -9.454
276 55.0 14.966 -10.043
288 55.0 15.700 -10.675
300 55.0 15.807 -11.178
312 55.0 16.058 -11.412
324 55.0 16.342 -12.141
336 55.0 16.710 -12.481
348 55.0 16.941 -13.013
360 55.0 17.032 -13.636
372 55.0 17.462 -14.326
384 55.0 17.883 -14.859
396 55.0 17.890 -15.288
408 55.0 18.134 -15.967
420 55.0 18.598 -16.630
432 55.0 18.920 -16.990
444 55.0 18.911 -17.978
456 55.0 19.646 -18.635
468 55.0 19.720 -18.826
240 57.0 19.503 -14.630
252 57.0 19.542 -15.117
264 57.0 19.744 -15.410
276 57.0 20.185 -15.873
288 57.0 20.429 -16.541
300 57.0 20.773 -17.060
312 57.0 20.840 -17.664
324 57.0 21.064 -18.262
336 57.0 21.187 -18.852
348 57.0 21.340 -19.645
360 57.0 21.670 -20.342
372 57.0 21.516 -20.763
384 57.0 22.252 -21.698
396 57.0 22.308 -22.173
408 57.0 22.652 -22.627
420 57.0 22.951 -23.118
432 57.0 22.975 -23.718
444 57.0 23.282 -23.971
456 57.0 23.393 -24.321
468 57.0 23.594 -24.949
240 59.0 -25.933 2.416
252 59.0 -25.721 1.948
264 59.0 -25.932 2.159
276 59.0 -26.116 1.733
288 59.0 -26.169 2.227
300 59.0 -26.223 2.028
312 59.0 -26.144 1.927
324 59.0 -26.207 1.950
336 59.0 -26.249 1.773
348 59.0 -26.358 1.662
360 59.0 -26.129 1.960
372 59.0 -26.404 1.844
384 59.0 -26.454 1.779
396 59.0 -26.792 1.850
408 59.0 -26.187 2.213
420 59.0 -25.506 2.720
432 59.0 -24.772 3.414
444 59.0 -23.743 3.726
456 59.0 -23.004 4.189
468 59.0 -22.164 4.549
240 92.0 -9.313 -15.791
252 92.0 -9.541 -16.167
264 92.0 -10.238 -16.492
276 92.0 -10.374 -16.823
288 92.0 -10.673 -17.235
300 92.0 -11.378 -17.297
312 92.0 -12.095 -17.540
324 92.0 -12.339 -17.988
336 92.0 -12.398 -18.286
348 92.0 -12.914 -18.752
360 92.0 -13.155 -19.252
372 92.0 -13.315 -19.560
384 92.0 -13.831 -19.878
396 92.0 -14.212 -20.379
408 92.0 -14.443 -21.013
420 92.0 -14.903 -21.267
432 92.0 -15.131 -21.552
444 92.0 -15.607 -21.994
456 92.0 -16.175 -22.284
468 92.0 -16.395 -22.749
264 27.0 -18.861 15.451
276 27.0 -18.524 14.807
288 27.0 -18.209 14.404
300 27.0 -18.483 14.409
312 27.0 -18.015 13.975
324 27.0 -18.301 13.579
336 27.0 -17.839 13.206
348 27.0 -17.630 12.792
360 27.0 -17.573 12.127
372 27.0 -17.692 12.274
384 27.0 -17.257 11.893
396 27.0 -17.175 11.526
408 27.0 -16.804 11.446
420 27.0 -16.588 11.084
432 27.0 -16.638 10.606
444 27.0 -16.288 10.869
456 27.0 -16.657 10.718
468 27.0 -16.294 10.552
480 27.0 -15.548 9.266
492 27.0 -14.523 7.548
504 10.0 16.188 -29.458
516 10.0 16.044 -29.651
528 10.0 15.962 -29.580
540 10.0 15.803 -29.693
552 10.0 15.671 -29.652
564 10.0 15.642 -29.799
576 10.0 15.444 -29.892
588 10.0 15.239 -29.877
600 10.0 15.222 -29.783
612 10.0 15.095 -30.055
624 10.0 15.161 -30.135
636 10.0 14.758 -30.088
648 10.0 14.755 -30.116
660 10.0 14.583 -30.281
672 10.0 14.552 -30.196
684 10.0 14.390 -30.480
696 10.0 14.411 -30.446
708 10.0 14.531 -30.563
720 10.0 14.697 -30.832
732 10.0 14.845 -30.700
504 28.0 -14.550 7.118
516 28.0 -14.233 6.689
528 28.0 -14.020 6.132
540 28.0 -13.760 5.694
552 28.0 -13.552 5.186
564 28.0 -13.279 4.808
576 28.0 -13.018 4.282
588 28.0 -12.800 3.759
600 28.0 -12.481 3.146
612 28.0 -12.295 2.574
624 28.0 -11.954 2.217
636 28.0 -11.672 1.756
648 28.0 -11.643 1.288
660 28.0 -11.223 0.859
672 28.0 -11.065 0.448
684 28.0 -10.750 0.083
696 28.0 -10.694 -0.250
708 28.0 -10.334 -0.655
720 28.0 -10.275 -1.044
732 28.0 -9.991 -1.395
504 37.0 -22.253 -22.499
516 37.0 -22.376 -22.194
528 37.0 -22.547 -22.376
540 37.0 -22.453 -22.251
552 37.0 -22.601 -22.234
564 37.0 -22.337 -22.282
576 37.0 -22.314 -22.342
588 37.0 -22.557 -22.161
600 37.0 -22.562 -22.427
612 37.0 -22.393 -22.354
624 37.0 -22.472 -22.333
636 37.0 -22.495 -22.306
648 37.0 -22.410 -22.368
660 37.0 -22.261 -22.263
672 37.0 -22.465 -22.400
684 37.0 -22.422 -22.320
696 37.0 -22.298 -22.327
708 37.0 -22.581 -22.256
720 37.0 -22.502 -22.496
732 37.0 -22.428 -22.234
504 95.0 19.516 -35.587
516 95.0 19.489 -35.528
528 95.0 19.501 -35.833
540 95.0 19.514 -36.019
552 95.0 19.618 -35.917
564 95.0 19.625 -35.984
576 95.0 19.746 -36.336
588 95.0 19.815 -36.215
600 95.0 19.821 -36.244
612 95.0 19.846 -36.141
624 95.0 19.959 -36.445
636 95.0 20.027 -36.920
648 95.0 19.937 -37.276
660 95.0 20.232 -37.701
672 95.0 20.135 -38.175
684 95.0 20.271 -38.759
696 95.0 20.314 -39.320
708 95.0 20.382 -39.908
720 95.0 20.373 -40.585
732 95.0 20.691 -41.368
504 97.0 -21.328 -22.617
516 97.0 -21.650 -22.417
528 97.0 -21.591 -22.507
540 97.0 -21.617 -22.543
552 97.0 -21.606 -22.519
564 97.0 -21.400 -22.533
576 97.0 -21.358 -22.689
588 97.0 -21.267 -22.608
600 97.0 -21.490 -22.869
612 97.0 -21.447 -22.876
624 97.0 -21.285 -22.775
636 97.0 -21.421 -22.768
648 97.0 -21.256 -22.958
660 97.0 -21.313 -22.791
672 97.0 -21.276 -22.913
684 97.0 -21.270 -22.902
696 97.0 -21.265 -23.063
708 97.0 -21.066 -23.052
720 97.0 -21.039 -23.022
732 97.0 -21.190 -23.044
504 99.0 -22.793 -22.429
516 99.0 -23.082 -22.526
528 99.0 -22.896 -22.979
540 99.0 -22.667 -22.335
552 99.0 -22.782 -22.321
564 99.0 -22.789 -22.557
576 99.0 -22.993 -22.404
588 99.0 -23.002 -22.754
600 99.0 -23.060 -22.842
612 99.0 -22.905 -22.671
624 99.0 -22.953 -22.524
636 99.0 -22.964 -22.726
648 99.0 -22.801 -22.611
660 99.0 -23.188 -22.444
672 99.0 -22.874 -22.578
684 99.0 -23.031 -22.322
696 99.0 -22.926 -22.306
708 99.0 -22.757 -22.541
720 99.0 -22.619 -22.414
732 99.0 -22.893 -22.716
564 89.0 22.042 -29.855
576 89.0 21.908 -30.784
588 89.0 22.772 -31.579
600 89.0 22.332 -32.364
612 89.0 22.294 -32.704
624 89.0 22.357 -33.420
636 89.0 22.409 -33.675
648 89.0 22.686 -34.682
660 89.0 22.687 -34.895
672 89.0 22.722 -35.099
684 89.0 22.902 -35.251
696 89.0 23.575 -36.143
708 89.0 23.828 -37.123
720 89.0 24.292 -37.682
732 89.0 24.724 -38.032
744 89.0 24.518 -38.523
756 89.0 25.072 -38.859
768 89.0 25.252 -39.191
780 89.0 25.533 -39.645
792 89.0 25.558 -39.977
636 90.0 21.642 -29.709
648 90.0 21.640 -29.764
660 90.0 21.535 -30.494
672 90.0 22.208 -31.399
684 90.0 22.646 -32.258
696 90.0 22.382 -32.857
708 90.0 21.738 -33.119
720 90.0 22.084 -33.829
732 90.0 22.570 -34.604
744 90.0 22.978 -35.517
756 90.0 23.131 -36.353
768 90.0 23.189 -36.732
780 90.0 23.096 -36.540
792 90.0 23.168 -36.897
804 90.0 23.197 -37.375
816 90.0 23.086 -37.271
828 90.0 23.089 -37.203
840 90.0 23.076 -37.079
852 90.0 23.314 -37.138
864 90.0 23.556 -37.931
648 96.0 -5.601 -30.252
660 96.0 -5.828 -29.622
672 96.0 -6.604 -29.027
684 96.0 -7.385 -28.713
696 96.0 -7.904 -28.357
708 96.0 -8.248 -27.691
720 96.0 -8.811 -27.063
732 96.0 -9.366 -26.922
744 96.0 -9.800 -26.414
756 96.0 -10.441 -26.146
768 96.0 -11.015 -25.482
780 96.0 -11.689 -24.873
792 96.0 -12.122 -24.824
804 96.0 -12.720 -24.324
816 96.0 -13.370 -23.862
828 96.0 -13.876 -23.195
840 96.0 -14.876 -22.938
852 96.0 -15.533 -22.117
864 96.0 -16.416 -21.569
876 96.0 -17.365 -21.039
744 11.0 14.923 -30.783
756 11.0 15.107 -30.775
768 11.0 15.365 -31.113
780 11.0 15.589 -31.152
792 11.0 15.735 -31.308
804 11.0 15.597 -31.481
816 11.0 16.138 -31.545
828 11.0 16.348 -31.906
840 11.0 16.416 -32.097
852 11.0 17.108 -32.041
864 11.0 17.396 -32.163
876 11.0 17.847 -32.747
888 11.0 18.618 -32.604
900 11.0 18.991 -32.950
912 11.0 19.350 -33.359
924 11.0 19.830 -34.120
936 11.0 20.276 -34.031
948 11.0 20.596 -34.685
960 11.0 21.039 -35.167
972 11.0 21.282 -35.480
744 29.0 -9.863 -2.110
756 29.0 -9.425 -2.184
768 29.0 -9.424 -2.815
780 29.0 -9.103 -3.315
792 29.0 -9.024 -3.620
804 29.0 -8.780 -4.403
816 29.0 -8.837 -4.777
828 29.0 -8.383 -5.118
840 29.0 -8.500 -5.837
852 29.0 -8.052 -6.008
864 29.0 -8.128 -6.480
876 29.0 -7.676 -7.203
888 29.0 -7.633 -7.737
900 29.0 -7.176 -8.187
912 29.0 -7.265 -8.673
924 29.0 -7.241 -8.935
936 29.0 -6.882 -9.530
948 29.0 -7.065 -10.093
960 29.0 -6.711 -10.413
972 29.0 -6.600 -11.015
744 38.0 -22.288 -22.326
756 38.0 -22.471 -22.517
768 38.0 -22.434 -22.215
780 38.0 -22.480 -22.359
792 38.0 -22.536 -22.399
804 38.0 -22.441 -22.280
816 38.0 -22.413 -22.329
828 38.0 -22.621 -22.464
840 38.0 -22.384 -22.400
852 38.0 -22.496 -22.323
864 38.0 -22.271 -22.465
876 38.0 -22.488 -22.168
888 38.0 -22.487 -22.186
900 38.0 -22.417 -22.301
912 38.0 -22.340 -22.293
924 38.0 -22.355 -22.341
936 38.0 -22.327 -22.178
948 38.0 -22.483 -22.276
960 38.0 -22.375 -22.341
972 38.0 -22.267 -22.270
744 98.0 -21.350 -23.311
756 98.0 -21.017 -23.119
768 98.0 -21.077 -23.293
780 98.0 -20.995 -23.045
792 98.0 -21.340 -23.264
804 98.0 -21.131 -23.308
816 98.0 -21.107 -23.549
828 98.0 -20.789 -23.443
840 98.0 -20.615 -24.163
852 98.0 -20.958 -24.472
864 98.0 -20.633 -24.504
876 98.0 -20.520 -25.134
888 98.0 -20.106 -25.526
900 98.0 -19.994 -26.404
912 98.0 -19.865 -26.980
924 98.0 -19.770 -27.439
936 98.0 -19.336 -28.100
948 98.0 -19.458 -28.394
960 98.0 -19.338 -28.576
972 98.0 -18.857 -28.968
744 100.0 -22.977 -22.710
756 100.0 -22.789 -22.500
768 100.0 -22.838 -22.451
780 100.0 -22.938 -22.651
792 100.0 -22.787 -22.537
804 100.0 -22.814 -22.410
816 100.0 -22.857 -22.521
828 100.0 -23.015 -22.532
840 100.0 -22.795 -22.518
852 100.0 -22.793 -22.492
864 100.0 -22.851 -22.468
876 100.0 -22.855 -22.528
888 100.0 -22.783 -22.556
900 100.0 -22.714 -22.452
912 100.0 -22.941 -22.634
924 100.0 -22.884 -22.512
936 100.0 -22.835 -22.573
948 100.0 -22.911 -22.618
960 100.0 -22.858 -22.571
972 100.0 -22.901 -22.623
828 5.0 -5.887 -30.149
840 5.0 -6.685 -29.683
852 5.0 -6.848 -29.107
864 5.0 -7.315 -28.927
876 5.0 -7.646 -28.706
888 5.0 -8.121 -28.464
900 5.0 -8.783 -28.097
912 5.0 -9.032 -27.752
924 5.0 -9.343 -27.817
936 5.0 -10.102 -27.371
948 5.0 -10.959 -26.856
960 5.0 -11.388 -26.571
972 5.0 -12.104 -26.132
984 5.0 -12.529 -25.541
996 5.0 -12.985 -25.504
1008 5.0 -13.735 -24.846
1020 5.0 -14.336 -24.496
1032 5.0 -14.855 -24.119
1044 5.0 -15.320 -23.474
1056 5.0 -15.966 -23.435
852 21.0 -19.872 -26.805
864 21.0 -19.960 -26.485
876 21.0 -19.343 -26.781
888 21.0 -18.696 -26.396
900 21.0 -18.331 -26.232
912 21.0 -17.925 -25.732
924 21.0 -17.955 -25.381
936 21.0 -17.271 -24.740
948 21.0 -16.792 -25.048
960 21.0 -16.665 -23.957
972 21.0 -16.202 -23.788
984 21.0 -15.695 -23.282
996 21.0 -14.934 -23.301
1008 21.0 -14.399 -22.867
1020 21.0 -14.181 -22.661
1032 21.0 -13.875 -22.089
1044 21.0 -13.502 -21.554
1056 21.0 -13.148 -21.413
1068 21.0 -12.472 -20.809
1080 21.0 -11.929 -20.835
900 19.0 21.815 -58.053
912 19.0 21.904 -57.700
924 19.0 21.233 -57.508
936 19.0 21.336 -57.291
948 19.0 21.230 -57.321
960 19.0 20.927 -56.788
972 19.0 20.573 -56.401
984 19.0 20.247 -56.018
996 19.0 20.008 -55.173
1008 19.0 19.526 -54.634
1020 19.0 18.836 -54.009
1032 19.0 18.169 -52.604
1044 19.0 17.629 -52.115
1056 19.0 17.110 -51.020
1068 19.0 16.870 -50.763
1080 19.0 16.823 -50.581
1092 19.0 16.126 -50.162
1104 19.0 16.304 -49.955
1116 19.0 15.831 -49.206
1128 19.0 15.638 -48.821
936 43.0 -18.820 -16.527
948 43.0 -18.144 -16.700
960 43.0 -17.449 -16.582
972 43.0 -17.049 -16.942
984 43.0 -16.348 -16.830
996 43.0 -16.296 -16.860
1008 43.0 -16.104 -16.855
1020 43.0 -16.074 -16.780
1032 43.0 -15.925 -16.618
1044 43.0 -15.775 -16.642
1056 43.0 -15.689 -16.778
1068 43.0 -15.328 -17.271
1080 43.0 -14.876 -17.184
1092 43.0 -14.222 -17.018
1104 43.0 -13.341 -17.136
1116 43.0 -12.774 -17.050
1128 43.0 -12.019 -16.878
1140 43.0 -11.238 -16.926
1152 43.0 -10.617 -16.922
1164 43.0 -9.850 -16.671
960 17.0 -10.513 19.442
972 17.0 -10.042 19.740
984 17.0 -9.541 20.039
996 17.0 -9.389 20.191
1008 17.0 -9.049 20.030
1020 17.0 -8.840 19.574
1032 17.0 -8.527 19.530
1044 17.0 -8.361 19.283
1056 17.0 -8.251 18.966
1068 17.0 -7.771 19.116
1080 17.0 -7.506 19.329
1092 17.0 -7.094 19.646
1104 17.0 -6.609 19.672
1116 17.0 -6.312 19.882
1128 17.0 -5.948 19.895
1140 17.0 -5.661 20.206
1152 17.0 -5.393 20.532
1164 17.0 -4.770 20.944
1176 17.0 -4.178 21.519
1188 17.0 -3.688 21.696
984 12.0 21.659 -36.369
996 12.0 21.949 -36.687
1008 12.0 22.252 -37.653
1020 12.0 21.960 -37.734
1032 12.0 22.252 -37.909
1044 12.0 22.375 -38.633
1056 12.0 22.658 -39.216
1068 12.0 22.796 -39.809
1080 12.0 23.324 -40.343
1092 12.0 23.966 -41.694
1104 12.0 24.677 -42.584
1116 12.0 25.088 -43.326
1128 12.0 25.551 -44.168
1140 12.0 25.995 -44.806
1152 12.0 26.142 -45.483
1164 12.0 26.064 -45.428
1176 12.0 26.176 -46.153
1188 12.0 26.690 -46.320
1200 12.0 26.798 -46.533
1212 12.0 27.011 -46.999
984 30.0 -6.699 -11.369
996 30.0 -6.641 -11.797
1008 30.0 -6.432 -12.915
1020 30.0 -6.762 -13.339
1032 30.0 -6.599 -14.065
1044 30.0 -6.747 -14.799
1056 30.0 -6.754 -15.218
1068 30.0 -6.974 -15.564
1080 30.0 -6.919 -16.169
1092 30.0 -7.009 -16.699
1104 30.0 -6.994 -17.204
1116 30.0 -7.455 -17.587
1128 30.0 -7.351 -17.982
1140 30.0 -7.478 -18.585
1152 30.0 -7.436 -19.129
1164 30.0 -7.584 -19.489
1176 30.0 -7.503 -20.048
1188 30.0 -7.747 -20.501
1200 30.0 -7.898 -20.861
1212 30.0 -8.163 -21.353
984 39.0 -22.384 -22.225
996 39.0 -22.306 -22.363
1008 39.0 -22.350 -22.334
1020 39.0 -22.305 -22.383
1032 39.0 -22.329 -22.257
1044 39.0 -22.426 -22.336
1056 39.0 -22.365 -22.377
1068 39.0 -22.458 -22.307
1080 39.0 -22.344 -22.246
1092 39.0 -22.384 -22.308
1104 39.0 -22.369 -22.115
1116 39.0 -22.421 -22.328
1128 39.0 -22.488 -22.280
1140 39.0 -22.374 -22.341
1152 39.0 -22.321 -22.282
1164 39.0 -22.367 -22.301
1176 39.0 -22.362 -22.286
1188 39.0 -22.271 -22.321
1200 39.0 -22.190 -22.371
1212 39.0 -22.237 -22.441
996 8.0 -12.965 -14.005
1008 8.0 -12.930 -14.120
1020 8.0 -13.028 -13.985
1032 8.0 -12.935 -14.034
1044 8.0 -12.871 -14.146
1056 8.0 -12.720 -14.065
1068 8.0 -12.956 -14.060
1080 8.0 -13.059 -14.021
1092 8.0 -12.736 -14.040
1104 8.0 -13.062 -14.031
1116 8.0 -12.844 -14.172
1128 8.0 -12.779 -13.990
1140 8.0 -12.676 -14.054
1152 8.0 -12.826 -14.004
1164 8.0 -12.722 -14.119
1176 8.0 -12.708 -13.753
1188 8.0 -12.760 -14.037
1200 8.0 -12.991 -13.993
1212 8.0 -12.788 -14.155
1224 8.0 -12.982 -14.041
996 13.0 -14.980 -31.447
1008 13.0 -13.597 -30.731
1020 13.0 -12.388 -29.779
1032 13.0 -11.042 -29.277
1044 13.0 -9.535 -28.662
1056 13.0 -8.533 -28.294
1068 13.0 -7.149 -28.041
1080 13.0 -6.163 -27.526
1092 13.0 -4.994 -27.258
1104 13.0 -3.513 -26.811
1116 13.0 -2.394 -26.892
1128 13.0 -1.240 -26.618
1140 13.0 -0.139 -26.448
1152 13.0 1.166 -26.586
1164 13.0 2.388 -26.698
1176 13.0 3.414 -26.164
1188 13.0 4.232 -26.082
1200 13.0 5.181 -26.542
1212 13.0 6.267 -26.656
1224 13.0 7.131 -27.249
996 15.0 -12.431 -36.865
1008 15.0 -11.957 -35.621
1020 15.0 -11.429 -35.292
1032 15.0 -10.747 -34.787
1044 15.0 -10.515 -34.525
1056 15.0 -9.696 -34.316
1068 15.0 -8.457 -33.461
1080 15.0 -7.363 -32.921
1092 15.0 -6.274 -32.326
1104 15.0 -5.131 -31.519
1116 15.0 -3.957 -30.934
1128 15.0 -2.607 -30.116
1140 15.0 -1.538 -29.497
1152 15.0 -0.691 -29.371
1164 15.0 0.337 -29.103
1176 15.0 1.571 -28.889
1188 15.0 2.763 -28.396
1200 15.0 3.863 -28.544
1212 15.0 4.851 -28.654
1224 15.0 6.224 -28.931
1068 6.0 -16.683 -22.820
1080 6.0 -17.264 -21.988
1092 6.0 -17.815 -21.647
1104 6.0 -18.233 -21.244
1116 6.0 -18.579 -21.053
1128 6.0 -19.084 -20.614
1140 6.0 -19.337 -20.441
1152 6.0 -19.971 -20.121
1164 6.0 -19.989 -19.934
1176 6.0 -20.610 -19.317
1188 6.0 -20.924 -19.026
1200 6.0 -21.013 -18.696
1212 6.0 -21.253 -18.523
1224 6.0 -21.299 -18.243
1236 6.0 -21.427 -18.084
1248 6.0 -21.365 -18.039
1260 6.0 -21.498 -17.769
1272 6.0 -21.641 -17.713
1284 6.0 -21.566 -17.770
1296 6.0 -21.620 -17.585
1092 22.0 -11.728 -20.581
1104 22.0 -11.638 -20.255
1116 22.0 -11.269 -19.964
1128 22.0 -11.210 -19.880
1140 22.0 -11.131 -19.521
1152 22.0 -11.028 -19.344
1164 22.0 -10.788 -19.088
1176 22.0 -10.358 -18.411
1188 22.0 -9.919 -18.022
1200 22.0 -9.563 -17.666
1212 22.0 -9.004 -17.255
1224 22.0 -8.782 -16.869
1236 22.0 -8.172 -16.487
1248 22.0 -7.827 -16.078
1260 22.0 -7.532 -15.696
1272 22.0 -6.894 -15.269
1284 22.0 -6.748 -15.084
1296 22.0 -6.294 -14.587
1308 22.0 -5.900 -14.194
1320 22.0 -5.498 -13.816
1140 20.0 15.530 -48.592
1152 20.0 15.374 -47.972
1164 20.0 15.069 -47.248
1176 20.0 14.623 -46.966
1188 20.0 14.527 -46.732
1200 20.0 14.117 -46.168
1212 20.0 14.163 -45.791
1224 20.0 13.849 -45.310
1236 20.0 13.472 -45.134
1248 20.0 12.875 -44.541
1260 20.0 12.534 -43.624
1272 20.0 12.258 -43.080
1284 20.0 11.702 -42.284
1296 20.0 11.834 -41.913
1308 20.0 11.963 -41.798
1320 20.0 11.685 -41.523
1332 20.0 12.248 -41.165
1344 20.0 12.109 -40.970
1356 20.0 12.014 -40.725
1368 20.0 11.991 -40.411
1176 44.0 -9.741 -16.077
1188 44.0 -9.494 -15.575
1200 44.0 -9.351 -15.155
1212 44.0 -9.297 -14.638
1224 44.0 -9.107 -14.210
1236 44.0 -9.060 -13.567
1248 44.0 -8.817 -13.023
1260 44.0 -8.610 -12.495
1272 44.0 -8.355 -12.083
1284 44.0 -8.142 -11.299
1296 44.0 -7.959 -10.868
1308 44.0 -7.599 -10.239
1320 44.0 -7.420 -9.828
1332 44.0 -6.924 -9.344
1344 44.0 -6.816 -8.729
1356 44.0 -6.550 -8.289
1368 44.0 -6.358 -7.774
1380 44.0 -6.126 -7.192
1392 44.0 -5.756 -6.793
1404 44.0 -5.249 -6.502
1200 18.0 -3.259 22.057
1212 18.0 -2.626 22.416
1224 18.0 -2.222 22.658
1236 18.0 -1.885 22.803
1248 18.0 -1.350 23.065
1260 18.0 -0.947 23.168
1272 18.0 -0.485 23.568
1284 18.0 -0.252 23.742
1296 18.0 0.260 24.171
1308 18.0 1.027 24.346
1320 18.0 1.460 24.378
1332 18.0 2.309 24.542
1344 18.0 2.897 24.547
1356 18.0 3.550 24.543
1368 18.0 3.849 25.219
1380 18.0 4.409 25.351
1392 18.0 4.685 25.375
1404 18.0 4.974 25.392
1416 18.0 5.191 25.605
1428 18.0 6.092 25.416
1224 31.0 -8.101 -21.711
1236 31.0 -8.423 -22.289
1248 31.0 -8.215 -22.673
1260 31.0 -8.509 -23.313
1272 31.0 -8.487 -23.574
1284 31.0 -8.288 -24.172
1296 31.0 -8.630 -24.570
1308 31.0 -9.134 -24.980
1320 31.0 -9.156 -25.100
1332 31.0 -9.620 -25.384
1344 31.0 -9.857 -25.796
1356 31.0 -10.390 -26.730
1368 31.0 -10.654 -27.077
1380 31.0 -10.989 -27.291
1392 31.0 -11.362 -27.734
1404 31.0 -11.479 -28.659
1416 31.0 -11.654 -29.254
1428 31.0 -12.064 -30.051
1440 31.0 -12.412 -30.240
1452 31.0 -12.731 -30.711
1224 40.0 -22.257 -22.259
1236 40.0 -22.322 -22.353
1248 40.0 -22.296 -22.263
1260 40.0 -22.287 -22.358
1272 40.0 -22.222 -22.374
1284 40.0 -22.208 -22.381
1296 40.0 -22.377 -22.371
1308 40.0 -22.307 -22.361
1320 40.0 -22.283 -22.390
1332 40.0 -22.270 -22.300
1344 40.0 -22.340 -22.232
1356 40.0 -22.214 -22.242
1368 40.0 -22.253 -22.278
1380 40.0 -22.195 -22.351
1392 40.0 -22.338 -22.233
1404 40.0 -22.192 -22.313
1416 40.0 -22.308 -22.410
1428 40.0 -22.269 -22.344
1440 40.0 -22.280 -22.340
1452 40.0 -22.226 -22.346
1236 9.0 -12.800 -14.092
1248 9.0 -12.757 -14.120
1260 9.0 -12.811 -14.121
1272 9.0 -12.744 -13.888
1284 9.0 -12.861 -14.136
1296 9.0 -12.773 -14.191
1308 9.0 -12.786 -14.023
1320 9.0 -12.900 -14.282
1332 9.0 -12.892 -13.970
1344 9.0 -12.829 -14.097
1356 9.0 -12.678 -14.113
1368 9.0 -12.697 -14.219
1380 9.0 -12.760 -14.087
1392 9.0 -12.964 -14.101
1404 9.0 -12.926 -14.174
1416 9.0 -12.809 -14.049
1428 9.0 -12.814 -13.869
1440 9.0 -12.938 -14.026
1452 9.0 -12.889 -13.953
1464 9.0 -12.873 -14.003
1236 14.0 8.738 -27.601
1248 14.0 9.753 -28.329
1260 14.0 10.836 -29.387
1272 14.0 12.175 -30.551
1284 14.0 13.532 -31.711
1296 14.0 14.116 -31.999
1308 14.0 14.693 -32.296
1320 14.0 15.490 -33.541
1332 14.0 16.424 -34.498
1344 14.0 17.204 -35.707
1356 14.0 17.937 -36.783
1368 14.0 18.984 -37.874
1380 14.0 19.810 -38.982
1392 14.0 20.465 -40.138
1404 14.0 21.090 -41.116
1416 14.0 21.604 -42.137
1428 14.0 22.329 -43.006
1440 14.0 22.782 -44.232
1452 14.0 23.720 -45.694
1464 14.0 24.673 -47.330
1236 16.0 7.316 -29.322
1248 16.0 8.342 -29.706
1260 16.0 8.935 -29.999
1272 16.0 9.832 -30.730
1284 16.0 11.325 -33.062
1296 16.0 11.989 -33.041
1308 16.0 12.782 -33.277
1320 16.0 13.439 -34.482
1332 16.0 14.403 -35.499
1344 16.0 15.300 -36.341
1356 16.0 15.866 -37.468
1368 16.0 16.664 -38.482
1380 16.0 17.693 -39.385
1392 16.0 18.992 -41.888
1404 16.0 20.166 -43.244
1416 16.0 20.729 -44.467
1428 16.0 21.375 -45.562
1440 16.0 22.334 -46.804
1452 16.0 22.940 -47.763
1464 16.0 23.577 -48.873
1308 7.0 -21.550 -17.373
1320 7.0 -21.658 -17.211
1332 7.0 -21.639 -17.622
1344 7.0 -21.935 -17.360
1356 7.0 -21.886 -17.087
1368 7.0 -22.029 -16.871
1380 7.0 -22.000 -16.778
1392 7.0 -21.806 -16.731
1404 7.0 -21.777 -16.836
1416 7.0 -21.984 -16.670
1428 7.0 -22.156 -16.589
1440 7.0 -22.092 -16.603
1452 7.0 -22.116 -16.613
1464 7.0 -21.987 -16.643
1476 7.0 -22.083 -16.142
1488 7.0 -22.308 -15.820
1500 7.0 -22.393 -16.088
1512 7.0 -22.438 -16.061
1524 7.0 -22.269 -15.764
1536 7.0 -22.610 -15.873
1332 23.0 -5.139 -13.460
1344 23.0 -4.787 -13.022
1356 23.0 -4.358 -12.606
1368 23.0 -3.933 -12.180
1380 23.0 -3.661 -11.931
1392 23.0 -3.063 -11.136
1404 23.0 -2.443 -10.553
1416 23.0 -1.926 -9.782
1428 23.0 -0.960 -9.528
1440 23.0 -0.474 -9.034
1452 23.0 -0.036 -8.728
1464 23.0 0.764 -8.577
1476 23.0 1.497 -8.373
1488 23.0 1.909 -7.916
1500 23.0 2.531 -7.838
1512 23.0 3.016 -7.561
1524 23.0 3.436 -7.160
1536 23.0 3.960 -7.191
1548 23.0 4.207 -6.882
1560 23.0 4.655 -6.603
1416 45.0 -5.000 -6.169
1428 45.0 -4.739 -5.759
1440 45.0 -4.441 -5.255
1452 45.0 -4.179 -4.224
1464 45.0 -4.400 -3.763
1476 45.0 -3.995 -3.261
1488 45.0 -3.890 -2.319
1500 45.0 -3.674 -2.164
1512 45.0 -3.023 -1.747
1524 45.0 -2.647 -0.999
1536 45.0 -2.479 -0.460
1548 45.0 -2.073 0.050
1560 45.0 -2.412 0.238
1572 45.0 -2.358 0.854
1584 45.0 -1.975 1.737
1596 45.0 -2.071 2.441
1608 45.0 -2.033 2.972
1620 45.0 -1.869 3.892
1632 45.0 -2.056 4.467
1644 45.0 -1.860 5.109
1464 41.0 -22.353 -22.291
1476 41.0 -22.310 -22.301
1488 41.0 -22.176 -22.383
1500 41.0 -22.246 -22.422
1512 41.0 -22.375 -22.030
1524 41.0 -22.344 -22.278
1536 41.0 -22.316 -22.123
1548 41.0 -22.437 -22.161
1560 41.0 -22.424 -22.192
1572 41.0 -22.302 -22.171
1584 41.0 -22.258 -22.204
1596 41.0 -22.376 -22.199
1608 41.0 -22.501 -22.123
1620 41.0 -22.469 -22.088
1632 41.0 -22.491 -22.094
1644 41.0 -22.452 -22.140
1656 41.0 -22.440 -22.176
1668 41.0 -22.420 -22.157
1680 41.0 -22.576 -21.972
1692 41.0 -22.538 -22.065
1500 25.0 -4.651 -1.717
1512 25.0 -4.436 -0.709
1524 25.0 -4.295 -0.372
1536 25.0 -3.944 0.229
1548 25.0 -3.841 0.881
1560 25.0 -3.637 1.363
1572 25.0 -3.521 1.709
1584 25.0 -3.640 2.596
1596 25.0 -3.370 2.780
1608 25.0 -3.037 3.423
1620 25.0 -3.223 4.030
1632 25.0 -3.014 4.527
1644 25.0 -2.745 5.063
1656 25.0 -2.772 5.760
1668 25.0 -3.064 6.087
1680 25.0 -3.342 6.673
1692 25.0 -3.259 7.026
1704 25.0 -3.377 7.717
1716 25.0 -3.745 8.143
1728 25.0 -3.601 8.728
1500 33.0 -22.181 -23.310
1512 33.0 -22.311 -23.294
1524 33.0 -22.416 -23.339
1536 33.0 -22.191 -23.257
1548 33.0 -22.221 -23.322
1560 33.0 -22.293 -23.070
1572 33.0 -22.177 -23.175
1584 33.0 -22.195 -23.136
1596 33.0 -22.204 -23.492
1608 33.0 -22.304 -23.429
1620 33.0 -22.254 -23.210
1632 33.0 -22.341 -23.310
1644 33.0 -22.359 -23.390
1656 33.0 -22.218 -23.419
1668 33.0 -22.256 -23.320
1680 33.0 -22.296 -23.540
1692 33.0 -22.237 -23.273
1704 33.0 -22.180 -23.204
1716 33.0 -22.226 -23.277
1728 33.0 -22.306 -23.519
1500 35.0 -21.903 -21.703
1512 35.0 -21.959 -21.808
1524 35.0 -21.676 -21.588
1536 35.0 -21.808 -21.651
1548 35.0 -21.791 -21.505
1560 35.0 -21.694 -21.695
1572 35.0 -21.819 -21.868
1584 35.0 -21.862 -21.861
1596 35.0 -21.793 -21.605
1608 35.0 -21.956 -21.861
1620 35.0 -21.817 -21.604
1632 35.0 -21.948 -21.879
1644 35.0 -21.638 -21.342
1656 35.0 -21.777 -21.650
1668 35.0 -21.855 -21.835
1680 35.0 -21.741 -22.027
1692 35.0 -21.952 -21.853
1704 35.0 -21.836 -21.768
1716 35.0 -21.934 -21.501
1728 35.0 -22.058 -21.805
1500 77.0 -10.211 -32.111
1512 77.0 -10.137 -32.071
1524 77.0 -10.160 -32.049
1536 77.0 -10.088 -32.221
1548 77.0 -10.033 -32.041
1560 77.0 -10.034 -32.090
1572 77.0 -10.131 -32.072
1584 77.0 -10.067 -32.058
1596 77.0 -10.149 -32.172
1608 77.0 -10.177 -32.081
1620 77.0 -10.148 -32.124
1632 77.0 -10.177 -32.213
1644 77.0 -10.290 -32.037
1656 77.0 -10.183 -32.088
1668 77.0 -10.167 -31.983
1680 77.0 -10.246 -32.078
1692 77.0 -10.140 -32.187
1704 77.0 -10.217 -32.015
1716 77.0 -10.107 -32.127
1728 77.0 -10.049 -32.157
1560 69.0 -23.461 10.053
1572 69.0 -23.106 9.713
1584 69.0 -22.956 9.236
1596 69.0 -22.824 9.007
1608 69.0 -22.514 8.772
1620 69.0 -22.449 8.106
1632 69.0 -22.157 7.859
1644 69.0 -21.956 7.649
1656 69.0 -21.658 7.187
1668 69.0 -21.080 6.877
1680 69.0 -20.737 6.620
1692 69.0 -20.388 6.168
1704 69.0 -20.162 5.845
1716 69.0 -19.827 5.567
1728 69.0 -19.005 5.383
1740 69.0 -18.815 5.259
1752 69.0 -18.274 5.256
1764 69.0 -17.519 4.771
1776 69.0 -17.436 4.431
1788 69.0 -17.009 4.005
1572 24.0 5.236 -6.631
1584 24.0 6.099 -6.347
1596 24.0 6.887 -5.950
1608 24.0 7.606 -6.292
1620 24.0 8.315 -6.248
1632 24.0 8.647 -6.268
1644 24.0 9.263 -6.310
1656 24.0 9.836 -6.334
1668 24.0 10.714 -6.752
1680 24.0 11.669 -6.759
1692 24.0 12.388 -6.411
1704 24.0 13.000 -6.897
1716 24.0 13.936 -7.005
1728 24.0 14.720 -7.444
1740 24.0 15.443 -7.268
1752 24.0 15.879 -7.573
1764 24.0 16.822 -7.862
1776 24.0 17.023 -7.166
1788 24.0 17.724 -7.031
1800 24.0 18.381 -6.723
1584 32.0 -19.899 14.660
1596 32.0 -19.514 14.410
1608 32.0 -19.157 13.941
1620 32.0 -18.812 13.376
1632 32.0 -18.639 13.162
1644 32.0 -18.843 12.924
1656 32.0 -18.759 12.801
1668 32.0 -18.445 11.860
1680 32.0 -18.556 11.378
1692 32.0 -18.042 10.270
1704 32.0 -18.155 9.403
1716 32.0 -18.576 8.965
1728 32.0 -18.768 8.594
1740 32.0 -19.419 8.391
1752 32.0 -19.093 7.564
1764 32.0 -18.999 6.805
1776 32.0 -19.654 6.663
1788 32.0 -19.780 5.955
1800 32.0 -20.210 5.490
1812 32.0 -20.578 5.015
1656 46.0 -2.005 5.726
1668 46.0 -2.105 6.335
1680 46.0 -2.091 6.952
1692 46.0 -2.390 7.734
1704 46.0 -2.239 8.290
1716 46.0 -2.594 8.703
1728 46.0 -2.791 9.202
1740 46.0 -2.930 9.372
1752 46.0 -3.304 9.889
1764 46.0 -3.284 10.469
1776 46.0 -3.496 11.128
1788 46.0 -3.662 11.483
1800 46.0 -3.838 11.882
1812 46.0 -3.964 12.517
1824 46.0 -4.564 13.274
1836 46.0 -4.849 13.708
1848 46.0 -5.030 14.017
1860 46.0 -5.042 14.146
1872 46.0 -5.138 14.384
1884 46.0 -5.488 14.781
1656 72.0 21.931 -58.264
1668 72.0 21.986 -58.517
1680 72.0 21.558 -57.930
1692 72.0 21.167 -57.266
1704 72.0 21.072 -57.141
1716 72.0 20.604 -56.212
1728 72.0 20.322 -55.697
1740 72.0 19.573 -54.780
1752 72.0 19.241 -53.846
1764 72.0 19.109 -53.156
1776 72.0 18.317 -52.906
1788 72.0 18.218 -52.603
1800 72.0 17.865 -52.070
1812 72.0 17.633 -51.646
1824 72.0 17.478 -51.061
1836 72.0 17.083 -50.130
1848 72.0 16.763 -49.774
1860 72.0 16.637 -49.322
1872 72.0 16.669 -49.020
1884 72.0 16.730 -48.967
1704 42.0 -22.303 -21.791
1716 42.0 -22.325 -21.824
1728 42.0 -22.289 -21.954
1740 42.0 -22.507 -21.957
1752 42.0 -22.874 -22.027
1764 42.0 -22.305 -21.875
1776 42.0 -22.730 -22.117
1788 42.0 -22.549 -21.781
1800 42.0 -22.609 -21.740
1812 42.0 -22.423 -22.098
1824 42.0 -22.738 -21.987
1836 42.0 -22.957 -22.076
1848 42.0 -22.583 -21.955
1860 42.0 -22.758 -21.842
1872 42.0 -22.665 -21.977
1884 42.0 -22.956 -22.049
1896 42.0 -22.812 -21.928
1908 42.0 -22.729 -21.688
1920 42.0 -22.751 -21.946
1932 42.0 -22.818 -21.646
1740 26.0 -4.080 9.217
1752 26.0 -4.274 9.858
1764 26.0 -4.552 10.461
1776 26.0 -4.886 11.036
1788 26.0 -5.074 11.529
1800 26.0 -5.271 12.036
1812 26.0 -5.698 12.595
1824 26.0 -5.860 12.830
1836 26.0 -6.131 13.290
1848 26.0 -6.273 13.929
1860 26.0 -6.388 14.141
1872 26.0 -6.522 14.575
1884 26.0 -6.884 15.236
1896 26.0 -7.025 15.710
1908 26.0 -6.792 16.323
1920 26.0 -6.521 16.854
1932 26.0 -6.373 17.222
1944 26.0 -5.962 17.415
1956 26.0 -5.693 17.825
1968 26.0 -5.027 18.042
1740 34.0 -22.353 -23.336
1752 34.0 -22.245 -23.253
1764 34.0 -22.166 -23.375
1776 34.0 -22.461 -23.047
1788 34.0 -22.319 -23.299
1800 34.0 -22.306 -23.225
1812 34.0 -22.141 -23.457
1824 34.0 -22.339 -23.386
1836 34.0 -22.266 -23.060
1848 34.0 -22.233 -23.313
1860 34.0 -22.306 -23.282
1872 34.0 -22.273 -23.283
1884 34.0 -22.077 -23.297
1896 34.0 -22.302 -23.270
1908 34.0 -22.341 -23.328
1920 34.0 -22.349 -23.379
1932 34.0 -22.234 -23.390
1944 34.0 -22.435 -23.301
1956 34.0 -22.313 -23.312
1968 34.0 -22.167 -23.349
1740 36.0 -21.849 -21.876
1752 36.0 -21.828 -21.638
1764 36.0 -21.859 -21.739
1776 36.0 -21.977 -21.632
1788 36.0 -21.781 -21.662
1800 36.0 -21.733 -21.747
1812 36.0 -21.833 -21.726
1824 36.0 -21.686 -21.687
1836 36.0 -21.895 -21.491
1848 36.0 -21.848 -21.718
1860 36.0 -21.838 -21.637
1872 36.0 -21.645 -21.588
1884 36.0 -21.821 -21.670
1896 36.0 -21.625 -21.657
1908 36.0 -21.757 -21.506
1920 36.0 -21.781 -21.457
1932 36.0 -21.844 -21.751
1944 36.0 -21.836 -21.629
1956 36.0 -21.914 -21.668
1968 36.0 -21.993 -21.546
1740 74.0 21.601 -58.747
1752 74.0 21.424 -57.881
1764 74.0 21.239 -57.289
1776 74.0 20.767 -56.844
1788 74.0 20.305 -56.330
1800 74.0 20.175 -55.719
1812 74.0 19.991 -54.891
1824 74.0 19.559 -54.686
1836 74.0 19.173 -53.994
1848 74.0 19.070 -53.586
1860 74.0 18.765 -52.989
1872 74.0 18.454 -52.266
1884 74.0 18.170 -51.782
1896 74.0 17.737 -51.219
1908 74.0 17.491 -50.851
1920 74.0 17.089 -50.301
1932 74.0 16.626 -49.666
1944 74.0 16.597 -49.133
1956 74.0 16.263 -48.400
1968 74.0 15.934 -48.228
1740 78.0 -10.124 -32.143
1752 78.0 -9.909 -32.153
1764 78.0 -10.282 -32.202
1776 78.0 -10.155 -32.137
1788 78.0 -9.885 -32.217
1800 78.0 -9.934 -32.205
1812 78.0 -10.338 -32.314
1824 78.0 -10.098 -32.096
1836 78.0 -10.166 -32.149
1848 78.0 -9.935 -32.284
1860 78.0 -10.161 -32.123
1872 78.0 -10.181 -32.142
1884 78.0 -10.178 -31.968
1896 78.0 -10.045 -32.191
1908 78.0 -10.175 -31.879
1920 78.0 -10.308 -32.010
1932 78.0 -10.226 -32.077
1944 78.0 -10.067 -32.247
1956 78.0 -10.014 -32.112
1968 78.0 -10.312 -32.089
1788 75.0 17.050 -53.184
1800 75.0 16.936 -52.724
1812 75.0 16.736 -52.146
1824 75.0 16.577 -51.682
1836 75.0 16.208 -50.838
1848 75.0 16.154 -50.499
1860 75.0 15.872 -49.921
1872 75.0 15.492 -49.321
1884 75.0 15.018 -48.964
1896 75.0 14.695 -48.396
1908 75.0 14.488 -47.855
1920 75.0 14.149 -47.337
1932 75.0 14.070 -46.834
1944 75.0 14.229 -46.622
1956 75.0 13.985 -46.016
1968 75.0 13.030 -44.799
1980 75.0 13.166 -44.551
1992 75.0 12.631 -44.014
2004 75.0 12.530 -43.461
2016 75.0 12.079 -42.679
1800 70.0 -16.474 3.779
1812 70.0 -15.952 3.699
1824 70.0 -15.410 3.447
1836 70.0 -15.079 3.272
1848 70.0 -14.799 3.190
1860 70.0 -14.464 3.016
1872 70.0 -13.865 2.754
1884 70.0 -13.605 2.560
1896 70.0 -13.195 2.096
1908 70.0 -12.768 1.864
1920 70.0 -12.776 1.573
1932 70.0 -12.747 1.728
1944 70.0 -12.740 1.697
1956 70.0 -12.848 1.628
1968 70.0 -12.192 0.744
1980 70.0 -11.131 -0.980
1992 70.0 -10.794 -1.411
2004 70.0 -10.407 -1.822
2016 70.0 -10.285 -2.066
2028 70.0 -10.348 -2.327
1896 73.0 16.239 -47.999
1908 73.0 15.497 -47.045
1920 73.0 15.557 -47.038
1932 73.0 15.338 -47.245
1944 73.0 15.120 -46.049
1956 73.0 14.935 -46.019
1968 73.0 14.545 -44.956
1980 73.0 13.836 -44.039
1992 73.0 13.695 -43.627
2004 73.0 13.331 -43.090
2016 73.0 13.111 -42.633
2028 73.0 12.977 -42.494
2040 73.0 12.781 -41.673
2052 73.0 12.178 -41.289
2064 73.0 12.012 -40.765
2076 73.0 11.965 -40.167
2088 73.0 11.595 -39.839
2100 73.0 11.270 -39.225
2112 73.0 10.832 -38.812
2124 73.0 10.578 -38.481
