24 18.0 34.249 17.436
36 18.0 33.080 16.370
48 18.0 32.825 15.977
60 18.0 32.487 15.441
72 18.0 32.050 15.197
84 18.0 31.909 14.509
96 18.0 31.506 13.961
108 18.0 31.131 13.280
120 18.0 30.809 12.779
132 18.0 30.195 12.286
144 18.0 30.272 11.754
156 18.0 30.110 11.505
168 18.0 29.958 10.814
180 18.0 29.643 10.540
192 18.0 29.409 9.928
204 18.0 29.035 9.438
216 18.0 29.011 9.102
228 18.0 28.366 8.526
240 18.0 28.150 8.425
252 18.0 28.059 7.834
108 20.0 -7.746 18.075
120 20.0 -8.074 18.193
132 20.0 -8.338 18.543
144 20.0 -8.661 18.725
156 20.0 -8.911 19.024
168 20.0 -9.008 19.366
180 20.0 -9.273 19.418
192 20.0 -9.182 19.611
204 20.0 -9.328 19.624
216 20.0 -9.282 19.855
228 20.0 -9.281 19.903
240 20.0 -9.416 19.945
252 20.0 -9.306 20.045
264 20.0 -9.341 20.133
276 20.0 -9.366 20.394
288 20.0 -9.330 20.439
300 20.0 -9.389 20.558
312 20.0 -9.203 20.601
324 20.0 -9.235 20.563
336 20.0 -9.293 20.547
120 21.0 33.951 18.447
132 21.0 33.268 17.767
144 21.0 32.614 16.835
156 21.0 31.961 15.848
168 21.0 31.169 14.819
180 21.0 30.470 14.299
192 21.0 29.523 13.209
204 21.0 28.727 12.267
216 21.0 28.262 11.613
228 21.0 27.891 10.616
240 21.0 27.338 9.979
252 21.0 27.092 9.117
264 21.0 26.401 8.445
276 21.0 25.729 8.449
288 21.0 24.724 8.322
300 21.0 24.245 8.101
312 21.0 22.915 8.281
324 21.0 21.319 8.768
336 21.0 20.329 9.095
348 21.0 19.780 9.369
336 2.0 19.172 45.567
348 2.0 18.757 45.107
360 2.0 18.568 44.401
372 2.0 18.328 43.699
384 2.0 18.187 43.167
396 2.0 17.795 42.782
408 2.0 17.486 42.082
420 2.0 17.492 41.708
432 2.0 17.356 41.159
444 2.0 17.100 40.587
456 2.0 16.780 40.029
468 2.0 16.635 39.465
480 2.0 16.451 38.940
492 2.0 16.182 38.305
504 2.0 16.067 38.070
516 2.0 15.719 37.516
528 2.0 15.606 37.051
540 2.0 15.481 36.601
552 2.0 15.298 36.242
564 2.0 15.151 35.907
360 22.0 18.839 9.834
372 22.0 18.027 10.155
384 22.0 17.416 10.633
396 22.0 16.581 10.880
408 22.0 15.933 11.354
420 22.0 15.175 11.888
432 22.0 14.244 12.084
444 22.0 13.672 12.707
456 22.0 12.759 12.956
468 22.0 11.982 13.293
480 22.0 11.321 13.621
492 22.0 10.253 13.313
504 22.0 9.389 12.914
516 22.0 8.184 12.662
528 22.0 7.237 12.399
540 22.0 6.400 12.134
552 22.0 5.341 11.896
564 22.0 4.396 11.648
576 22.0 3.647 11.905
588 22.0 2.783 12.350
576 3.0 14.464 35.367
588 3.0 14.417 34.703
600 3.0 14.173 33.930
612 3.0 13.841 33.201
624 3.0 13.202 32.369
636 3.0 13.085 31.953
648 3.0 12.988 31.286
660 3.0 12.642 30.795
672 3.0 12.361 30.109
684 3.0 12.166 30.284
696 3.0 11.503 29.424
708 3.0 11.474 29.190
720 3.0 11.437 28.997
732 3.0 11.269 28.315
744 3.0 11.202 27.976
756 3.0 10.884 27.774
768 3.0 10.640 27.198
780 3.0 10.606 26.985
792 3.0 10.217 26.460
804 3.0 10.429 25.223
756 15.0 34.218 17.282
768 15.0 33.105 17.021
780 15.0 33.135 17.114
792 15.0 32.072 17.204
804 15.0 31.647 17.271
816 15.0 31.177 17.582
828 15.0 30.540 17.659
840 15.0 30.101 17.665
852 15.0 29.322 17.951
864 15.0 28.798 17.908
876 15.0 28.195 17.945
888 15.0 27.545 17.998
900 15.0 26.988 18.241
912 15.0 26.403 18.270
924 15.0 25.889 18.389
936 15.0 25.528 18.915
948 15.0 24.798 18.680
960 15.0 24.286 19.307
972 15.0 23.955 19.673
984 15.0 23.378 19.861
816 4.0 9.976 24.290
828 4.0 9.809 23.555
840 4.0 9.669 22.594
852 4.0 9.630 21.893
864 4.0 9.175 21.311
876 4.0 8.802 20.385
888 4.0 8.609 20.141
900 4.0 8.239 19.649
912 4.0 8.233 19.236
924 4.0 7.958 18.732
936 4.0 7.814 18.360
948 4.0 7.690 17.808
960 4.0 7.396 17.409
972 4.0 7.164 17.059
984 4.0 7.129 16.361
996 4.0 6.887 15.889
1008 4.0 6.518 15.318
1020 4.0 6.325 14.566
1032 4.0 5.941 14.105
1044 4.0 5.831 13.481
996 16.0 22.644 20.297
1008 16.0 22.156 20.457
1020 16.0 21.720 20.665
1032 16.0 21.238 20.973
1044 16.0 20.687 21.136
1056 16.0 20.189 21.511
1068 16.0 19.655 21.800
1080 16.0 19.114 22.043
1092 16.0 18.635 22.246
1104 16.0 18.110 22.414
1116 16.0 17.620 22.633
1128 16.0 17.136 22.872
1140 16.0 16.525 23.177
1152 16.0 16.059 23.432
1164 16.0 15.514 23.584
1176 16.0 15.078 24.045
1188 16.0 14.430 24.304
1200 16.0 13.788 24.589
1212 16.0 13.346 25.038
1224 16.0 12.805 25.269
1092 7.0 -0.773 22.616
1104 7.0 -0.870 23.049
1116 7.0 -0.781 23.415
1128 7.0 -0.492 23.890
1140 7.0 -0.248 24.459
1152 7.0 -0.077 24.747
1164 7.0 -0.013 25.274
1176 7.0 0.307 25.732
1188 7.0 0.750 26.101
1200 7.0 1.187 26.562
1212 7.0 1.453 27.034
1224 7.0 1.766 27.257
1236 7.0 2.270 27.626
1248 7.0 2.551 28.218
1260 7.0 2.784 28.353
1272 7.0 3.128 29.047
1284 7.0 3.305 29.231
1296 7.0 3.636 29.858
1308 7.0 3.934 30.116
1320 7.0 4.544 30.371
1092 10.0 33.974 18.352
1104 10.0 33.528 18.535
1116 10.0 33.036 18.648
1128 10.0 32.645 18.654
1140 10.0 32.099 18.663
1152 10.0 31.594 18.678
1164 10.0 31.027 18.750
1176 10.0 30.583 18.911
1188 10.0 29.810 18.832
1200 10.0 29.458 19.051
1212 10.0 28.942 19.242
1224 10.0 28.358 19.717
1236 10.0 27.824 20.084
1248 10.0 27.328 19.970
1260 10.0 26.784 20.293
1272 10.0 26.333 20.623
1284 10.0 25.827 20.884
1296 10.0 25.327 21.205
1308 10.0 24.879 21.475
1320 10.0 24.408 21.727
1104 5.0 18.907 -7.903
1116 5.0 18.452 -8.039
1128 5.0 18.279 -8.113
1140 5.0 18.238 -8.030
1152 5.0 18.179 -7.999
1164 5.0 18.219 -7.821
1176 5.0 18.178 -7.930
1188 5.0 18.362 -7.858
1200 5.0 18.280 -7.763
1212 5.0 18.284 -7.706
1224 5.0 18.491 -7.576
1236 5.0 18.562 -7.629
1248 5.0 18.532 -7.678
1260 5.0 18.627 -7.573
1272 5.0 18.611 -7.369
1284 5.0 18.670 -7.478
1296 5.0 18.633 -7.315
1308 5.0 18.654 -7.389
1320 5.0 18.720 -7.139
1332 5.0 18.757 -7.134
1236 17.0 12.347 25.627
1248 17.0 11.977 25.786
1260 17.0 11.252 26.106
1272 17.0 10.900 26.329
1284 17.0 10.211 26.844
1296 17.0 9.708 27.128
1308 17.0 9.261 27.355
1320 17.0 8.775 27.488
1332 17.0 8.235 27.579
1344 17.0 7.758 27.856
1356 17.0 7.318 28.104
1368 17.0 6.751 28.260
1380 17.0 6.298 28.764
1392 17.0 5.720 29.116
1404 17.0 5.468 29.303
1416 17.0 4.793 29.511
1428 17.0 4.406 29.837
1440 17.0 3.779 30.667
1452 17.0 3.512 30.843
1464 17.0 2.863 31.020
1332 8.0 5.043 30.482
1344 8.0 5.651 30.685
1356 8.0 6.036 30.693
1368 8.0 6.492 30.701
1380 8.0 7.118 30.671
1392 8.0 7.526 30.781
1404 8.0 8.034 30.460
1416 8.0 8.604 30.568
1428 8.0 9.191 30.528
1440 8.0 9.541 30.803
1452 8.0 9.971 31.038
1464 8.0 10.567 31.194
1476 8.0 11.168 31.525
1488 8.0 11.242 31.891
1500 8.0 11.480 32.226
1512 8.0 11.728 32.661
1524 8.0 11.814 33.081
1536 8.0 12.011 33.521
1548 8.0 12.304 34.086
1560 8.0 12.473 34.565
1332 11.0 23.728 22.096
1344 11.0 23.260 22.434
1356 11.0 22.739 22.627
1368 11.0 22.435 22.704
1380 11.0 22.242 22.976
1392 11.0 21.949 23.175
1404 11.0 21.528 23.336
1416 11.0 21.120 23.387
1428 11.0 20.189 23.609
1440 11.0 19.263 23.767
1452 11.0 18.592 23.868
1464 11.0 17.708 24.227
1476 11.0 17.350 24.410
1488 11.0 16.922 24.790
1500 11.0 16.584 25.170
1512 11.0 15.417 26.156
1524 11.0 15.149 26.118
1536 11.0 14.768 26.448
1548 11.0 14.231 26.666
1560 11.0 13.683 26.909
1344 6.0 18.942 -7.156
1356 6.0 19.010 -6.895
1368 6.0 18.961 -6.945
1380 6.0 18.956 -7.040
1392 6.0 19.119 -7.028
1404 6.0 19.005 -6.924
1416 6.0 19.087 -6.974
1428 6.0 19.279 -6.835
1440 6.0 19.217 -6.761
1452 6.0 19.246 -6.622
1464 6.0 19.231 -6.674
1476 6.0 19.458 -6.568
1488 6.0 19.473 -6.650
1500 6.0 19.519 -6.458
1512 6.0 19.619 -6.427
1524 6.0 19.626 -6.472
1536 6.0 19.850 -6.306
1548 6.0 19.545 -6.338
1560 6.0 19.869 -6.156
1572 6.0 19.771 -6.291
1380 13.0 35.125 20.047
1392 13.0 34.700 19.866
1404 13.0 34.312 19.673
1416 13.0 33.963 19.469
1428 13.0 33.699 19.099
1440 13.0 33.187 19.194
1452 13.0 32.770 19.080
1464 13.0 32.423 19.147
1476 13.0 31.867 19.132
1488 13.0 31.373 18.887
1500 13.0 30.978 18.797
1512 13.0 30.414 18.735
1524 13.0 29.937 18.703
1536 13.0 29.450 18.534
1548 13.0 29.025 18.514
1560 13.0 28.553 18.446
1572 13.0 28.097 18.567
1584 13.0 27.677 18.581
1596 13.0 27.180 18.638
1608 13.0 26.908 18.827
1572 9.0 12.582 34.946
1584 9.0 12.926 35.486
1596 9.0 13.241 36.023
1608 9.0 13.189 36.437
1620 9.0 13.271 36.785
1632 9.0 13.603 37.310
1644 9.0 13.612 37.863
1656 9.0 14.408 38.076
1668 9.0 14.304 38.536
1680 9.0 14.517 38.963
1692 9.0 14.718 39.677
1704 9.0 14.923 40.066
1716 9.0 15.022 40.469
1728 9.0 15.417 40.847
1740 9.0 15.548 41.624
1752 9.0 15.643 41.886
1764 9.0 15.835 42.254
1776 9.0 16.490 43.038
1788 9.0 16.579 43.415
1800 9.0 16.770 44.010
1572 12.0 13.108 27.132
1584 12.0 12.776 27.359
1596 12.0 12.264 27.747
1608 12.0 11.832 27.693
1620 12.0 11.360 28.036
1632 12.0 10.908 28.272
1644 12.0 10.455 28.449
1656 12.0 9.977 28.960
1668 12.0 9.372 28.966
1680 12.0 9.044 29.111
1692 12.0 8.470 29.494
1704 12.0 7.930 29.676
1716 12.0 7.535 29.979
1728 12.0 7.157 30.051
1740 12.0 6.510 30.393
1752 12.0 6.179 30.798
1764 12.0 5.776 30.982
1776 12.0 5.250 31.468
1788 12.0 4.763 31.806
1800 12.0 4.075 32.184
1620 14.0 26.434 18.818
1632 14.0 26.017 18.993
1644 14.0 25.564 19.178
1656 14.0 25.223 19.197
1668 14.0 24.858 19.424
1680 14.0 24.416 19.789
1692 14.0 24.181 20.127
1704 14.0 23.654 20.329
1716 14.0 23.349 20.574
1728 14.0 23.019 20.865
1740 14.0 22.694 21.056
1752 14.0 22.206 21.262
1764 14.0 22.058 21.448
1776 14.0 21.685 21.765
1788 14.0 21.308 21.922
1800 14.0 20.869 22.113
1812 14.0 20.561 22.244
1824 14.0 20.090 22.314
1836 14.0 19.758 22.554
1848 14.0 19.341 22.696
