0 109.0 16.382 -14.901
12 109.0 16.898 -14.390
24 109.0 16.784 -14.024
36 109.0 17.221 -13.583
48 109.0 17.548 -12.936
60 109.0 17.701 -12.578
72 109.0 17.947 -12.317
84 109.0 18.160 -11.777
96 109.0 18.449 -11.369
108 109.0 18.601 -10.786
120 109.0 18.975 -10.545
132 109.0 19.257 -10.129
144 109.0 19.243 -9.597
156 109.0 19.600 -9.174
168 109.0 19.887 -8.712
180 109.0 19.895 -8.400
192 109.0 19.927 -8.073
204 109.0 19.962 -7.691
216 109.0 20.125 -7.222
228 109.0 19.984 -7.112
0 116.0 5.651 -15.705
12 116.0 4.876 -15.524
24 116.0 4.536 -15.742
36 116.0 3.929 -15.849
48 116.0 3.175 -15.823
60 116.0 2.789 -16.114
72 116.0 2.367 -15.856
84 116.0 1.858 -16.044
96 116.0 1.224 -16.312
108 116.0 0.550 -16.316
120 116.0 -0.032 -16.447
132 116.0 -0.583 -16.323
144 116.0 -0.830 -16.331
156 116.0 -1.538 -16.608
168 116.0 -2.196 -16.673
180 116.0 -2.691 -16.703
192 116.0 -3.044 -16.848
204 116.0 -3.814 -16.714
216 116.0 -4.266 -16.776
228 116.0 -4.936 -16.980
48 17.0 -22.959 -8.748
60 17.0 -22.293 -8.247
72 17.0 -21.430 -8.552
84 17.0 -21.446 -8.208
96 17.0 -20.586 -8.198
108 17.0 -20.035 -8.291
120 17.0 -19.972 -8.085
132 17.0 -19.218 -8.037
144 17.0 -18.653 -8.159
156 17.0 -18.153 -8.221
168 17.0 -17.582 -7.994
180 17.0 -16.997 -8.168
192 17.0 -16.464 -7.955
204 17.0 -15.773 -8.207
216 17.0 -15.630 -7.865
228 17.0 -15.167 -7.836
240 17.0 -14.248 -8.141
252 17.0 -13.793 -7.848
264 17.0 -13.156 -7.998
276 17.0 -12.774 -7.879
156 111.0 -20.114 -24.627
168 111.0 -20.221 -24.153
180 111.0 -20.311 -23.677
192 111.0 -20.487 -22.973
204 111.0 -20.599 -22.539
216 111.0 -20.649 -22.209
228 111.0 -20.974 -21.662
240 111.0 -21.070 -21.031
252 111.0 -20.928 -20.548
264 111.0 -21.228 -20.128
276 111.0 -21.445 -19.491
288 111.0 -21.558 -19.212
300 111.0 -21.685 -18.643
312 111.0 -21.629 -18.151
324 111.0 -21.679 -17.560
336 111.0 -22.153 -17.237
348 111.0 -22.264 -16.510
360 111.0 -22.617 -16.261
372 111.0 -22.959 -15.558
384 111.0 -23.143 -15.405
240 110.0 19.764 -6.751
252 110.0 19.949 -7.144
264 110.0 19.900 -6.749
276 110.0 19.872 -7.026
288 110.0 19.834 -7.127
300 110.0 19.911 -7.020
312 110.0 19.897 -7.291
324 110.0 20.219 -7.200
336 110.0 19.997 -7.029
348 110.0 19.875 -7.035
360 110.0 20.029 -7.184
372 110.0 19.826 -6.901
384 110.0 19.883 -6.992
396 110.0 20.023 -7.061
408 110.0 20.203 -7.064
420 110.0 19.834 -6.912
432 110.0 19.933 -7.001
444 110.0 20.026 -7.049
456 110.0 19.874 -6.910
468 110.0 20.015 -7.008
240 117.0 -5.553 -17.090
252 117.0 -5.821 -17.172
264 117.0 -6.659 -17.266
276 117.0 -7.260 -17.479
288 117.0 -7.719 -17.127
300 117.0 -8.422 -17.479
312 117.0 -8.707 -17.367
324 117.0 -9.507 -17.305
336 117.0 -9.899 -17.617
348 117.0 -10.599 -17.664
360 117.0 -11.252 -17.355
372 117.0 -11.932 -17.584
384 117.0 -12.287 -17.535
396 117.0 -12.982 -17.953
408 117.0 -13.670 -17.872
420 117.0 -14.182 -17.887
432 117.0 -14.778 -18.229
444 117.0 -15.183 -17.974
456 117.0 -15.934 -17.977
468 117.0 -16.331 -18.002
264 114.0 27.315 -9.704
276 114.0 26.733 -10.081
288 114.0 26.301 -9.822
300 114.0 25.659 -9.689
312 114.0 25.213 -10.041
324 114.0 24.824 -9.796
336 114.0 24.280 -10.030
348 114.0 23.584 -10.141
360 114.0 23.152 -9.998
372 114.0 22.536 -10.172
384 114.0 22.136 -10.406
396 114.0 21.490 -10.504
408 114.0 20.930 -10.225
420 114.0 20.429 -10.328
432 114.0 20.118 -10.514
444 114.0 19.290 -10.501
456 114.0 18.999 -10.523
468 114.0 18.369 -10.354
480 114.0 18.000 -10.307
492 114.0 17.259 -10.365
288 18.0 -12.386 -7.997
300 18.0 -11.355 -7.861
312 18.0 -10.992 -8.178
324 18.0 -10.412 -7.711
336 18.0 -10.065 -8.054
348 18.0 -9.500 -8.130
360 18.0 -8.859 -7.934
372 18.0 -8.251 -8.089
384 18.0 -7.805 -7.782
396 18.0 -7.133 -7.795
408 18.0 -6.628 -8.128
420 18.0 -5.955 -7.635
432 18.0 -5.371 -7.875
444 18.0 -4.967 -7.742
456 18.0 -4.687 -7.909
468 18.0 -3.726 -7.944
480 18.0 -3.188 -8.002
492 18.0 -2.678 -7.998
504 18.0 -2.049 -7.550
516 18.0 -1.596 -7.813
312 8.0 -23.051 -8.575
324 8.0 -22.426 -8.393
336 8.0 -22.053 -8.497
348 8.0 -21.430 -8.195
360 8.0 -20.955 -8.346
372 8.0 -20.429 -8.469
384 8.0 -19.505 -8.371
396 8.0 -19.076 -8.232
408 8.0 -18.527 -8.418
420 8.0 -17.967 -8.427
432 8.0 -17.212 -8.399
444 8.0 -16.808 -8.265
456 8.0 -16.268 -8.397
468 8.0 -15.815 -8.279
480 8.0 -15.077 -8.220
492 8.0 -14.505 -8.232
504 8.0 -14.016 -8.321
516 8.0 -13.405 -8.318
528 8.0 -12.736 -8.339
540 8.0 -12.149 -8.217
504 115.0 16.991 -10.150
516 115.0 16.327 -10.312
528 115.0 16.060 -9.971
540 115.0 14.997 -9.603
552 115.0 14.969 -9.622
564 115.0 14.686 -9.531
576 115.0 14.151 -9.507
588 115.0 13.544 -9.208
600 115.0 13.076 -9.324
612 115.0 12.758 -9.011
624 115.0 12.134 -9.054
636 115.0 11.791 -8.684
648 115.0 11.163 -8.826
660 115.0 10.972 -8.356
672 115.0 10.179 -8.033
684 115.0 9.964 -7.544
696 115.0 9.453 -7.325
708 115.0 8.725 -7.020
720 115.0 8.517 -6.666
732 115.0 7.717 -6.428
516 118.0 -23.945 -18.754
528 118.0 -22.439 -18.129
540 118.0 -20.847 -18.085
552 118.0 -19.555 -18.160
564 118.0 -18.165 -18.097
576 118.0 -16.823 -18.078
588 118.0 -15.363 -18.120
600 118.0 -13.951 -18.161
612 118.0 -12.628 -18.019
624 118.0 -11.245 -18.186
636 118.0 -9.810 -17.986
648 118.0 -8.472 -18.078
660 118.0 -7.222 -18.207
672 118.0 -5.384 -17.903
684 118.0 -3.916 -17.916
696 118.0 -2.296 -18.137
708 118.0 -0.514 -17.736
720 118.0 0.870 -17.611
732 118.0 2.562 -17.666
744 118.0 4.041 -17.727
528 19.0 -0.844 -7.991
540 19.0 -0.425 -8.047
552 19.0 0.252 -7.931
564 19.0 1.089 -8.425
576 19.0 1.570 -8.346
588 19.0 2.223 -8.302
600 19.0 2.426 -8.468
612 19.0 3.186 -8.554
624 19.0 3.892 -8.843
636 19.0 4.173 -8.722
648 19.0 5.102 -9.002
660 19.0 5.541 -9.150
672 19.0 5.983 -9.272
684 19.0 6.633 -9.294
696 19.0 7.372 -9.610
708 19.0 7.834 -9.441
720 19.0 8.348 -9.344
732 19.0 9.048 -9.687
744 19.0 9.468 -9.664
756 19.0 10.240 -9.817
552 9.0 -11.520 -8.316
564 9.0 -10.916 -8.286
576 9.0 -10.309 -8.234
588 9.0 -9.865 -8.495
600 9.0 -9.085 -8.354
612 9.0 -8.482 -8.377
624 9.0 -7.944 -8.381
636 9.0 -7.435 -8.390
648 9.0 -6.651 -8.354
660 9.0 -6.261 -8.206
672 9.0 -5.623 -8.215
684 9.0 -4.923 -8.415
696 9.0 -4.385 -8.030
708 9.0 -3.877 -8.274
720 9.0 -3.296 -8.187
732 9.0 -2.724 -8.210
744 9.0 -1.870 -8.191
756 9.0 -1.546 -8.153
768 9.0 -1.049 -8.115
780 9.0 -0.518 -8.178
720 12.0 27.637 -9.874
732 12.0 27.285 -10.098
744 12.0 26.868 -10.400
756 12.0 26.422 -10.922
768 12.0 26.013 -11.059
780 12.0 25.423 -11.629
792 12.0 25.049 -11.889
804 12.0 24.486 -11.819
816 12.0 24.051 -11.939
828 12.0 23.535 -11.897
840 12.0 23.118 -12.040
852 12.0 22.615 -12.006
864 12.0 22.117 -12.222
876 12.0 21.609 -12.136
888 12.0 21.099 -12.101
900 12.0 20.596 -12.314
912 12.0 20.131 -12.265
924 12.0 19.666 -12.399
936 12.0 19.115 -12.463
948 12.0 18.648 -12.501
768 20.0 10.409 -9.594
780 20.0 10.976 -9.575
792 20.0 11.946 -9.833
804 20.0 12.303 -9.847
816 20.0 12.814 -9.839
828 20.0 13.469 -9.716
840 20.0 14.033 -9.815
852 20.0 14.449 -10.065
864 20.0 15.119 -10.145
876 20.0 15.549 -10.150
888 20.0 16.224 -10.449
900 20.0 16.674 -10.453
912 20.0 17.454 -10.217
924 20.0 17.931 -10.553
936 20.0 18.529 -10.412
948 20.0 19.274 -10.755
960 20.0 19.613 -10.449
972 20.0 20.150 -10.848
984 20.0 20.950 -10.665
996 20.0 21.311 -10.633
792 10.0 0.137 -8.208
804 10.0 0.686 -8.164
816 10.0 1.191 -8.083
828 10.0 1.907 -8.128
840 10.0 2.528 -8.266
852 10.0 3.067 -8.073
864 10.0 3.653 -8.129
876 10.0 4.191 -8.295
888 10.0 4.819 -8.022
900 10.0 5.309 -8.287
912 10.0 5.853 -8.300
924 10.0 6.455 -8.243
936 10.0 6.995 -8.237
948 10.0 7.727 -8.129
960 10.0 8.290 -8.327
972 10.0 8.683 -8.147
984 10.0 9.322 -8.356
996 10.0 9.797 -8.138
1008 10.0 10.490 -8.345
1020 10.0 11.061 -8.526
792 14.0 27.885 -11.469
804 14.0 27.228 -11.413
816 14.0 26.897 -11.424
828 14.0 26.340 -11.462
840 14.0 25.932 -11.508
852 14.0 25.362 -11.771
864 14.0 25.098 -11.641
876 14.0 24.800 -11.897
888 14.0 24.185 -11.796
900 14.0 23.647 -11.845
912 14.0 23.023 -11.992
924 14.0 22.438 -12.114
936 14.0 22.087 -12.180
948 14.0 21.676 -12.408
960 14.0 21.156 -12.256
972 14.0 20.471 -12.496
984 14.0 20.417 -12.580
996 14.0 19.569 -12.346
1008 14.0 19.157 -12.508
1020 14.0 19.141 -12.675
960 13.0 18.381 -12.443
972 13.0 17.502 -12.663
984 13.0 17.233 -12.491
996 13.0 16.642 -12.675
1008 13.0 15.832 -12.671
1020 13.0 15.693 -12.948
1032 13.0 15.238 -12.368
1044 13.0 14.522 -12.323
1056 13.0 14.006 -12.449
1068 13.0 13.482 -12.379
1080 13.0 12.754 -12.122
1092 13.0 12.238 -12.359
1104 13.0 12.176 -12.131
1116 13.0 11.264 -12.383
1128 13.0 11.111 -12.144
1140 13.0 10.578 -12.338
1152 13.0 9.736 -12.880
1164 13.0 9.353 -12.669
1176 13.0 8.837 -12.624
1188 13.0 8.429 -12.730
996 21.0 6.657 -24.134
1008 21.0 7.216 -24.438
1020 21.0 7.689 -24.124
1032 21.0 8.022 -24.125
1044 21.0 8.456 -24.234
1056 21.0 8.751 -24.160
1068 21.0 9.425 -24.348
1080 21.0 10.050 -24.369
1092 21.0 10.737 -24.373
1104 21.0 11.531 -24.427
1116 21.0 11.962 -24.433
1128 21.0 12.997 -24.495
1140 21.0 13.471 -24.430
1152 21.0 14.149 -24.384
1164 21.0 14.946 -24.549
1176 21.0 15.744 -24.612
1188 21.0 16.233 -24.547
1200 21.0 16.909 -24.447
1212 21.0 17.524 -24.489
1224 21.0 18.308 -24.597
996 22.0 8.695 -25.457
1008 22.0 8.473 -25.750
1020 22.0 7.913 -25.580
1032 22.0 7.374 -25.388
1044 22.0 6.910 -25.634
1056 22.0 6.210 -25.753
1068 22.0 5.447 -25.628
1080 22.0 5.240 -25.563
1092 22.0 4.523 -25.316
1104 22.0 4.018 -25.343
1116 22.0 3.716 -25.324
1128 22.0 3.345 -25.285
1140 22.0 2.561 -25.148
1152 22.0 1.980 -24.546
1164 22.0 1.200 -24.641
1176 22.0 0.541 -24.467
1188 22.0 0.082 -24.583
1200 22.0 -0.363 -24.175
1212 22.0 -1.184 -24.507
1224 22.0 -1.519 -24.431
1032 11.0 11.687 -8.475
1044 11.0 12.087 -8.782
1056 11.0 12.696 -8.953
1068 11.0 13.437 -9.241
1080 11.0 13.833 -9.434
1092 11.0 14.605 -9.778
1104 11.0 15.086 -9.922
1116 11.0 15.769 -9.829
1128 11.0 16.251 -9.901
1140 11.0 16.749 -10.254
1152 11.0 17.283 -10.237
1164 11.0 17.732 -10.597
1176 11.0 18.172 -10.947
1188 11.0 18.811 -11.020
1200 11.0 19.341 -10.779
1212 11.0 20.215 -11.179
1224 11.0 20.640 -11.227
1236 11.0 21.296 -11.037
1248 11.0 22.003 -11.590
1260 11.0 22.487 -11.181
1032 15.0 18.199 -12.841
1044 15.0 17.762 -12.820
1056 15.0 17.320 -12.948
1068 15.0 16.806 -12.908
1080 15.0 16.213 -13.136
1092 15.0 15.914 -13.034
1104 15.0 15.343 -13.075
1116 15.0 14.826 -13.073
1128 15.0 14.272 -13.017
1140 15.0 13.874 -13.153
1152 15.0 13.322 -13.042
1164 15.0 12.833 -13.054
1176 15.0 12.370 -13.141
1188 15.0 11.754 -13.026
1200 15.0 11.388 -13.090
1212 15.0 10.849 -13.195
1224 15.0 10.309 -13.153
1236 15.0 9.660 -13.174
1248 15.0 9.347 -13.192
1260 15.0 8.788 -13.046
1116 99.0 -12.748 2.419
1128 99.0 -12.417 1.952
1140 99.0 -12.328 1.672
1152 99.0 -12.397 1.547
1164 99.0 -11.730 0.582
1176 99.0 -11.922 0.454
1188 99.0 -11.240 0.627
1200 99.0 -10.554 0.505
1212 99.0 -9.710 0.215
1224 99.0 -9.408 0.193
1236 99.0 -8.711 0.084
1248 99.0 -8.240 0.067
1260 99.0 -7.643 -0.075
1272 99.0 -6.982 0.217
1284 99.0 -6.254 0.290
1296 99.0 -5.694 0.373
1308 99.0 -5.000 0.516
1320 99.0 -4.856 0.509
1332 99.0 -3.930 0.562
1344 99.0 -3.469 0.413
1236 23.0 -1.811 -24.505
1248 23.0 -2.606 -24.479
1260 23.0 -3.173 -24.433
1272 23.0 -3.522 -24.256
1284 23.0 -4.184 -24.408
1296 23.0 -4.417 -24.664
1308 23.0 -5.023 -24.436
1320 23.0 -5.780 -24.431
1332 23.0 -6.089 -24.567
1344 23.0 -6.630 -24.288
1356 23.0 -6.932 -24.607
1368 23.0 -7.869 -24.735
1380 23.0 -8.200 -24.634
1392 23.0 -9.014 -24.795
1404 23.0 -9.380 -24.663
1416 23.0 -9.787 -24.603
1428 23.0 -10.328 -24.797
1440 23.0 -11.115 -24.664
1452 23.0 -11.387 -24.562
1464 23.0 -12.153 -24.659
1272 16.0 8.112 -13.083
1284 16.0 7.790 -13.127
1296 16.0 7.280 -13.110
1308 16.0 6.620 -12.879
1320 16.0 6.218 -13.113
1332 16.0 5.691 -13.088
1344 16.0 5.216 -13.042
1356 16.0 4.799 -12.909
1368 16.0 4.158 -12.900
1380 16.0 3.610 -13.277
1392 16.0 2.949 -12.988
1404 16.0 2.547 -13.227
1416 16.0 2.371 -13.321
1428 16.0 1.652 -13.443
1440 16.0 1.685 -13.621
1452 16.0 0.964 -13.163
1464 16.0 0.614 -13.148
1476 16.0 0.058 -13.195
1488 16.0 -0.525 -12.943
1500 16.0 -0.979 -13.093
1560 30.0 5.374 -4.448
1572 30.0 5.851 -4.846
1584 30.0 6.364 -5.152
1596 30.0 6.886 -5.369
1608 30.0 7.342 -5.802
1620 30.0 7.909 -5.948
1632 30.0 8.424 -6.221
1644 30.0 8.863 -6.562
1656 30.0 9.386 -6.587
1668 30.0 9.860 -6.356
1680 30.0 10.067 -6.188
1692 30.0 10.458 -6.103
1704 30.0 10.825 -5.996
1716 30.0 11.206 -5.773
1728 30.0 11.537 -5.552
1740 30.0 11.862 -5.651
1752 30.0 11.839 -5.592
1764 30.0 11.854 -5.592
1776 30.0 11.877 -5.567
1788 30.0 11.809 -5.607
1608 86.0 -4.992 -13.392
1620 86.0 -5.668 -13.466
1632 86.0 -6.138 -13.066
1644 86.0 -6.312 -13.051
1656 86.0 -6.744 -12.578
1668 86.0 -7.554 -12.292
1680 86.0 -7.704 -12.223
1692 86.0 -8.363 -12.298
1704 86.0 -8.493 -12.009
1716 86.0 -8.893 -11.701
1728 86.0 -9.549 -11.398
1740 86.0 -9.878 -11.153
1752 86.0 -10.026 -11.163
1764 86.0 -10.570 -10.939
1776 86.0 -11.073 -10.975
1788 86.0 -11.653 -10.636
1800 86.0 -12.328 -10.350
1812 86.0 -12.761 -10.634
1824 86.0 -13.115 -10.127
1836 86.0 -13.816 -10.539
1800 31.0 11.762 -5.564
1812 31.0 12.053 -5.565
1824 31.0 12.087 -5.561
1836 31.0 12.140 -5.707
1848 31.0 11.942 -5.619
1860 31.0 11.817 -5.545
1872 31.0 11.904 -5.557
1884 31.0 11.990 -5.577
1896 31.0 11.954 -5.679
1908 31.0 11.948 -5.538
1920 31.0 12.130 -5.626
1932 31.0 12.150 -5.419
1944 31.0 12.209 -5.564
1956 31.0 11.925 -5.648
1968 31.0 11.977 -5.656
1980 31.0 12.153 -5.439
1992 31.0 12.096 -5.711
2004 31.0 11.873 -5.600
2016 31.0 12.003 -5.595
2028 31.0 12.038 -5.612
1848 87.0 -13.849 -10.215
1860 87.0 -14.403 -9.949
1872 87.0 -15.156 -9.867
1884 87.0 -15.465 -9.764
1896 87.0 -16.124 -9.624
1908 87.0 -16.429 -9.514
1920 87.0 -16.949 -9.533
1932 87.0 -17.369 -9.348
1944 87.0 -18.060 -9.425
1956 87.0 -18.380 -9.213
1968 87.0 -18.895 -9.053
1980 87.0 -19.356 -9.133
1992 87.0 -19.827 -9.260
2004 87.0 -20.226 -9.095
2016 87.0 -21.086 -9.189
2028 87.0 -21.802 -9.479
2040 87.0 -22.387 -9.556
2052 87.0 -23.046 -9.539
2064 87.0 -22.850 -9.398
2076 87.0 -23.049 -9.500
2004 38.0 21.713 -11.779
2016 38.0 21.150 -11.851
2028 38.0 20.456 -11.555
2040 38.0 19.960 -11.559
2052 38.0 19.496 -11.506
2064 38.0 18.883 -11.333
2076 38.0 18.323 -11.425
2088 38.0 17.901 -11.032
2100 38.0 17.245 -11.048
2112 38.0 16.774 -11.060
2124 38.0 16.266 -10.932
2136 38.0 15.718 -10.706
2148 38.0 15.251 -10.764
2160 38.0 14.496 -10.620
2172 38.0 14.035 -10.605
2184 38.0 13.501 -10.685
2196 38.0 12.950 -10.470
2208 38.0 12.424 -10.508
2220 38.0 11.762 -10.405
2232 38.0 11.231 -10.589
2028 26.0 11.990 -24.020
2040 26.0 11.918 -24.621
2052 26.0 11.747 -25.126
2064 26.0 11.499 -25.498
2076 26.0 11.716 -26.094
2088 26.0 11.487 -26.479
2100 26.0 11.336 -26.666
2112 26.0 11.046 -27.347
2124 26.0 10.911 -27.894
2136 26.0 10.750 -28.445
2148 26.0 10.567 -28.971
2160 26.0 10.344 -29.228
2172 26.0 10.499 -29.193
2184 26.0 10.444 -29.212
2196 26.0 10.319 -29.100
2208 26.0 10.356 -29.358
2220 26.0 10.184 -29.257
2232 26.0 10.469 -29.131
2244 26.0 10.300 -29.136
2256 26.0 10.523 -29.340
2040 24.0 27.606 -23.593
2052 24.0 26.716 -23.815
2064 24.0 26.369 -23.689
2076 24.0 25.585 -23.621
2088 24.0 24.860 -23.606
2100 24.0 24.202 -23.843
2112 24.0 23.879 -23.734
2124 24.0 23.047 -23.881
2136 24.0 22.599 -24.178
2148 24.0 21.937 -23.792
2160 24.0 21.266 -23.978
2172 24.0 20.694 -24.175
2184 24.0 19.965 -24.342
2196 24.0 19.523 -24.448
2208 24.0 19.005 -24.403
2220 24.0 18.419 -24.521
2232 24.0 17.938 -24.564
2244 24.0 17.738 -25.034
2256 24.0 16.919 -24.931
2268 24.0 16.446 -25.070
2040 32.0 12.054 -5.673
2052 32.0 12.098 -5.592
2064 32.0 12.111 -5.460
2076 32.0 12.097 -5.582
2088 32.0 12.120 -5.572
2100 32.0 11.941 -5.562
2112 32.0 12.117 -5.668
2124 32.0 12.122 -5.570
2136 32.0 12.109 -5.532
2148 32.0 12.090 -5.544
2160 32.0 12.212 -5.581
2172 32.0 12.081 -5.530
2184 32.0 12.139 -5.621
2196 32.0 12.214 -5.694
2208 32.0 12.130 -5.635
2220 32.0 12.251 -5.739
2232 32.0 12.288 -5.612
2244 32.0 12.253 -5.629
2256 32.0 12.122 -5.461
2268 32.0 12.189 -5.566
2088 88.0 -22.973 -9.313
2100 88.0 -22.964 -9.521
2112 88.0 -23.071 -9.582
2124 88.0 -22.965 -9.357
2136 88.0 -22.831 -9.375
2148 88.0 -23.142 -9.407
2160 88.0 -22.943 -9.155
2172 88.0 -23.146 -9.363
2184 88.0 -22.976 -9.524
2196 88.0 -22.924 -9.137
2208 88.0 -22.930 -9.227
2220 88.0 -22.887 -9.242
2232 88.0 -22.992 -9.296
2244 88.0 -23.171 -9.268
2256 88.0 -23.086 -9.379
2268 88.0 -22.838 -9.224
2280 88.0 -23.121 -9.216
2292 88.0 -22.998 -9.147
2304 88.0 -22.999 -9.060
2316 88.0 -23.203 -9.544
2244 39.0 10.648 -10.515
2256 39.0 10.206 -10.387
2268 39.0 9.628 -10.531
2280 39.0 9.034 -10.349
2292 39.0 8.593 -10.415
2304 39.0 7.923 -10.138
2316 39.0 7.443 -10.066
2328 39.0 6.791 -10.181
2340 39.0 6.208 -9.668
2352 39.0 5.551 -9.750
2364 39.0 5.036 -9.607
2376 39.0 4.536 -9.533
2388 39.0 4.027 -9.581
2400 39.0 3.583 -9.495
2412 39.0 3.162 -9.320
2424 39.0 2.365 -9.404
2436 39.0 1.953 -9.059
2448 39.0 1.514 -8.920
2460 39.0 0.917 -8.743
2472 39.0 0.391 -8.967
2268 27.0 10.280 -29.230
2280 27.0 10.380 -29.408
2292 27.0 10.395 -29.059
2304 27.0 10.244 -28.961
2316 27.0 10.505 -29.041
2328 27.0 10.438 -29.282
2340 27.0 10.668 -29.392
2352 27.0 10.350 -29.210
2364 27.0 10.338 -29.449
2376 27.0 10.482 -29.070
2388 27.0 10.217 -29.225
2400 27.0 10.227 -29.065
2412 27.0 10.531 -29.086
2424 27.0 10.268 -29.145
2436 27.0 10.312 -29.422
2448 27.0 10.196 -29.002
2460 27.0 10.337 -29.358
2472 27.0 10.399 -28.940
2484 27.0 10.464 -29.241
2496 27.0 10.658 -29.163
2280 25.0 15.930 -25.272
2292 25.0 15.514 -25.188
2304 25.0 14.906 -25.369
2316 25.0 13.996 -25.108
2328 25.0 13.585 -24.764
2340 25.0 12.472 -25.091
2352 25.0 11.566 -24.928
2364 25.0 10.949 -24.701
2376 25.0 10.121 -24.413
2388 25.0 9.851 -24.655
2400 25.0 9.091 -24.636
2412 25.0 8.850 -24.433
2424 25.0 8.096 -24.354
2436 25.0 7.515 -24.079
2448 25.0 7.147 -24.114
2460 25.0 6.426 -24.123
2472 25.0 5.736 -23.963
2484 25.0 5.208 -24.185
2496 25.0 4.382 -24.325
2508 25.0 3.930 -24.655
2280 33.0 12.204 -5.564
2292 33.0 12.280 -5.532
2304 33.0 12.218 -5.579
2316 33.0 12.228 -5.546
2328 33.0 12.189 -5.473
2340 33.0 12.344 -5.541
2352 33.0 12.311 -5.636
2364 33.0 12.347 -5.582
2376 33.0 12.257 -5.547
2388 33.0 12.326 -5.550
2400 33.0 11.922 -5.654
2412 33.0 11.386 -5.783
2424 33.0 11.094 -5.963
2436 33.0 10.663 -6.163
2448 33.0 10.289 -6.334
2460 33.0 9.804 -6.471
2472 33.0 9.395 -6.624
2484 33.0 8.728 -6.868
2496 33.0 7.955 -7.217
2508 33.0 7.301 -7.322
2328 89.0 -23.091 -9.234
2340 89.0 -23.051 -9.142
2352 89.0 -23.131 -9.214
2364 89.0 -23.073 -9.229
2376 89.0 -23.124 -9.163
2388 89.0 -23.202 -9.206
2400 89.0 -23.059 -9.096
2412 89.0 -23.167 -9.193
2424 89.0 -23.124 -9.204
2436 89.0 -23.292 -9.195
2448 89.0 -23.242 -9.163
2460 89.0 -23.200 -9.246
2472 89.0 -23.244 -9.141
2484 89.0 -23.196 -9.048
2496 89.0 -23.246 -9.145
2508 89.0 -23.249 -9.067
2520 89.0 -23.292 -9.036
2532 89.0 -23.221 -9.184
2544 89.0 -23.314 -9.016
2556 89.0 -23.237 -9.095
2484 40.0 -0.130 -8.567
2496 40.0 -0.892 -8.682
2508 40.0 -1.311 -8.662
2520 40.0 -2.019 -8.873
2532 40.0 -2.571 -8.837
2544 40.0 -3.239 -9.153
2556 40.0 -3.701 -8.799
2568 40.0 -3.909 -8.799
2580 40.0 -4.804 -8.881
2592 40.0 -5.317 -9.066
2604 40.0 -5.821 -8.968
2616 40.0 -6.443 -9.366
2628 40.0 -6.828 -9.283
2640 40.0 -7.455 -9.130
2652 40.0 -7.796 -9.156
2664 40.0 -8.732 -9.388
2676 40.0 -9.126 -9.040
2688 40.0 -9.863 -9.014
2700 40.0 -10.088 -9.137
2712 40.0 -10.670 -9.227
2496 36.0 11.519 -23.601
2508 36.0 11.979 -22.435
2520 36.0 12.423 -21.111
2532 36.0 12.413 -20.385
2544 36.0 12.505 -19.492
2556 36.0 13.044 -18.858
2568 36.0 12.765 -17.585
2580 36.0 13.152 -16.900
2592 36.0 13.337 -16.059
2604 36.0 14.087 -15.562
2616 36.0 14.285 -14.920
2628 36.0 14.866 -14.179
2640 36.0 15.086 -13.648
2652 36.0 15.602 -13.361
2664 36.0 16.011 -12.637
2676 36.0 16.382 -12.219
2688 36.0 16.853 -11.613
2700 36.0 17.264 -11.167
2712 36.0 17.707 -10.244
2724 36.0 18.115 -9.459
2520 34.0 6.825 -7.459
2532 34.0 6.188 -7.641
2544 34.0 5.618 -7.583
2556 34.0 5.073 -7.750
2568 34.0 4.205 -7.706
2580 34.0 3.619 -7.876
2592 34.0 2.962 -8.105
2604 34.0 2.200 -8.027
2616 34.0 1.622 -8.255
2628 34.0 0.887 -8.227
2640 34.0 0.367 -8.026
2652 34.0 -0.389 -8.238
2664 34.0 -0.898 -8.023
2676 34.0 -1.559 -7.692
2688 34.0 -2.203 -7.636
2700 34.0 -2.390 -7.266
2712 34.0 -2.564 -7.019
2724 34.0 -2.765 -6.623
2736 34.0 -2.979 -6.351
2748 34.0 -3.139 -5.953
2568 90.0 -23.333 -8.841
2580 90.0 -23.382 -9.051
2592 90.0 -23.404 -9.001
2604 90.0 -23.367 -9.067
2616 90.0 -23.279 -9.095
2628 90.0 -23.082 -9.160
2640 90.0 -23.226 -9.124
2652 90.0 -23.128 -9.062
2664 90.0 -23.306 -8.836
2676 90.0 -23.361 -8.695
2688 90.0 -23.482 -9.113
2700 90.0 -23.207 -8.887
2712 90.0 -23.575 -9.020
2724 90.0 -23.348 -9.035
2736 90.0 -23.232 -8.864
2748 90.0 -23.278 -8.800
2760 90.0 -23.348 -8.894
2772 90.0 -23.573 -8.949
2784 90.0 -23.501 -9.017
2796 90.0 -23.492 -8.909
2724 41.0 -10.871 -9.311
2736 41.0 -11.649 -9.256
2748 41.0 -12.178 -9.244
2760 41.0 -12.634 -9.363
2772 41.0 -13.110 -9.250
2784 41.0 -13.652 -9.190
2796 41.0 -14.354 -9.378
2808 41.0 -14.881 -9.096
2820 41.0 -15.493 -9.040
2832 41.0 -15.780 -9.254
2844 41.0 -16.487 -9.066
2856 41.0 -16.997 -9.288
2868 41.0 -17.479 -9.384
2880 41.0 -18.176 -9.079
2892 41.0 -18.742 -9.278
2904 41.0 -19.346 -9.328
2916 41.0 -19.678 -9.248
2928 41.0 -19.986 -9.417
2940 41.0 -20.656 -9.454
2952 41.0 -21.248 -9.413
2736 37.0 18.146 -8.770
2748 37.0 18.522 -8.132
2760 37.0 18.755 -7.317
2772 37.0 19.126 -6.484
2784 37.0 19.545 -5.024
2796 37.0 19.635 -4.510
2808 37.0 19.751 -4.468
2820 37.0 19.643 -4.448
2832 37.0 19.771 -4.366
2844 37.0 19.585 -4.472
2856 37.0 19.759 -4.509
2868 37.0 19.703 -4.423
2880 37.0 19.723 -4.469
2892 37.0 19.576 -4.433
2904 37.0 19.706 -4.383
2916 37.0 19.614 -4.461
2928 37.0 19.738 -4.479
2940 37.0 19.580 -4.491
2952 37.0 19.635 -4.597
2964 37.0 19.585 -4.549
2760 35.0 -3.565 -6.004
2772 35.0 -3.296 -5.726
2784 35.0 -3.380 -5.903
2796 35.0 -3.439 -5.677
2808 35.0 -3.324 -5.836
2820 35.0 -3.426 -5.860
2832 35.0 -3.138 -5.831
2844 35.0 -3.391 -5.871
2856 35.0 -3.263 -5.785
2868 35.0 -3.181 -5.759
2880 35.0 -3.367 -5.791
2892 35.0 -3.191 -5.712
2904 35.0 -3.643 -6.129
2916 35.0 -3.418 -5.765
2928 35.0 -3.430 -5.753
2940 35.0 -3.477 -5.730
2952 35.0 -3.635 -5.794
2964 35.0 -3.468 -5.784
2976 35.0 -3.574 -5.808
2988 35.0 -3.495 -5.678
2772 42.0 -15.005 -29.949
2784 42.0 -14.748 -30.200
2796 42.0 -14.831 -30.439
2808 42.0 -14.974 -30.923
2820 42.0 -14.871 -31.323
2832 42.0 -14.768 -31.719
2844 42.0 -14.899 -31.708
2856 42.0 -14.720 -32.348
2868 42.0 -14.925 -32.745
2880 42.0 -14.708 -33.049
2892 42.0 -14.720 -33.431
2904 42.0 -14.894 -33.688
2916 42.0 -14.620 -34.252
2928 42.0 -14.603 -34.543
2940 42.0 -14.805 -34.666
2952 42.0 -14.481 -35.203
2964 42.0 -14.458 -35.682
2976 42.0 -14.550 -35.839
2988 42.0 -14.549 -36.327
3000 42.0 -14.399 -36.605
2808 91.0 -23.469 -9.057
2820 91.0 -23.537 -8.815
2832 91.0 -23.635 -8.934
2844 91.0 -23.423 -8.692
2856 91.0 -23.518 -8.654
2868 91.0 -23.288 -8.758
2880 91.0 -23.443 -8.588
2892 91.0 -23.459 -8.731
2904 91.0 -23.611 -8.835
2916 91.0 -23.590 -8.613
2928 91.0 -23.441 -8.599
2940 91.0 -22.931 -8.439
2952 91.0 -22.256 -8.460
2964 91.0 -21.478 -8.593
2976 91.0 -21.169 -8.351
2988 91.0 -20.598 -8.673
3000 91.0 -20.227 -8.285
3012 91.0 -19.711 -8.421
3024 91.0 -19.422 -8.360
3036 91.0 -18.503 -8.283
3048 92.0 -18.348 -8.515
3060 92.0 -17.469 -8.477
3072 92.0 -17.094 -8.471
3084 92.0 -16.871 -8.503
3096 92.0 -16.261 -8.523
3108 92.0 -15.856 -8.617
3120 92.0 -15.201 -8.585
3132 92.0 -14.559 -8.616
3144 92.0 -14.222 -8.820
3156 92.0 -13.882 -8.518
3168 92.0 -13.378 -8.832
3180 92.0 -12.859 -8.557
3192 92.0 -12.375 -8.720
3204 92.0 -11.624 -8.741
3216 92.0 -11.449 -8.532
3228 92.0 -11.000 -8.984
3240 92.0 -10.382 -8.794
3252 92.0 -9.931 -8.667
3264 92.0 -9.480 -8.584
3276 92.0 -9.009 -8.702
3108 96.0 -22.920 -9.460
3120 96.0 -22.623 -9.554
3132 96.0 -21.936 -9.263
3144 96.0 -21.620 -9.330
3156 96.0 -20.653 -8.911
3168 96.0 -20.074 -9.435
3180 96.0 -19.560 -9.355
3192 96.0 -19.367 -9.202
3204 96.0 -18.620 -9.417
3216 96.0 -18.172 -9.266
3228 96.0 -17.670 -9.386
3240 96.0 -17.457 -9.404
3252 96.0 -16.585 -9.459
3264 96.0 -15.775 -9.136
3276 96.0 -15.694 -9.053
3288 96.0 -14.906 -9.284
3300 96.0 -14.517 -9.181
3312 96.0 -13.681 -9.000
3324 96.0 -13.433 -9.230
3336 96.0 -12.853 -8.814
3168 100.0 27.218 -11.147
3180 100.0 26.874 -10.691
3192 100.0 26.599 -11.041
3204 100.0 25.679 -10.968
3216 100.0 25.349 -10.985
3228 100.0 25.000 -11.138
3240 100.0 24.176 -11.174
3252 100.0 23.905 -11.480
3264 100.0 23.475 -11.243
3276 100.0 22.675 -11.492
3288 100.0 22.264 -11.016
3300 100.0 21.900 -11.657
3312 100.0 21.285 -11.370
3324 100.0 20.730 -11.370
3336 100.0 20.299 -11.762
3348 100.0 19.741 -11.746
3360 100.0 19.041 -11.473
3372 100.0 18.660 -11.842
3384 100.0 18.394 -11.762
3396 100.0 17.811 -11.764
3288 93.0 -8.334 -8.689
3300 93.0 -8.095 -8.562
3312 93.0 -7.213 -8.470
3324 93.0 -6.768 -8.501
3336 93.0 -6.417 -8.327
3348 93.0 -5.883 -8.288
3360 93.0 -5.145 -8.319
3372 93.0 -4.783 -8.044
3384 93.0 -4.089 -8.236
3396 93.0 -3.435 -8.147
3408 93.0 -2.992 -8.130
3420 93.0 -2.405 -7.799
3432 93.0 -2.061 -8.205
3444 93.0 -1.418 -8.029
3456 93.0 -0.955 -7.990
3468 93.0 -0.629 -8.056
3480 93.0 -0.173 -8.383
3492 93.0 0.689 -8.004
3504 93.0 0.852 -8.091
3516 93.0 1.050 -8.624
3348 97.0 -12.131 -9.036
3360 97.0 -11.747 -8.849
3372 97.0 -11.106 -8.896
3384 97.0 -10.415 -8.813
3396 97.0 -9.960 -8.765
3408 97.0 -9.560 -8.615
3420 97.0 -9.006 -8.537
3432 97.0 -8.482 -8.458
3444 97.0 -7.993 -8.569
3456 97.0 -7.371 -8.386
3468 97.0 -6.816 -8.490
3480 97.0 -6.329 -8.261
3492 97.0 -5.936 -8.238
3504 97.0 -5.115 -8.043
3516 97.0 -4.715 -8.059
3528 97.0 -4.238 -8.199
3540 97.0 -3.493 -8.017
3552 97.0 -2.989 -8.213
3564 97.0 -2.532 -8.203
3576 97.0 -1.906 -8.054
3408 101.0 17.308 -11.705
3420 101.0 16.788 -11.889
3432 101.0 16.332 -11.891
3444 101.0 15.709 -11.896
3456 101.0 15.335 -11.920
3468 101.0 14.778 -11.922
3480 101.0 14.166 -11.890
3492 101.0 13.826 -12.102
3504 101.0 13.244 -11.884
3516 101.0 12.633 -11.891
3528 101.0 12.111 -12.045
3540 101.0 11.633 -12.047
3552 101.0 10.970 -12.037
3564 101.0 10.685 -12.235
3576 101.0 9.998 -12.219
3588 101.0 9.506 -12.277
3600 101.0 9.003 -12.237
3612 101.0 8.424 -12.284
3624 101.0 7.933 -12.415
3636 101.0 7.479 -12.432
3528 94.0 1.782 -8.462
3540 94.0 2.186 -8.665
3552 94.0 2.517 -8.701
3564 94.0 3.008 -8.899
3576 94.0 3.761 -8.942
3588 94.0 4.284 -9.122
3600 94.0 4.621 -9.184
3612 94.0 5.071 -9.090
3624 94.0 5.428 -9.420
3636 94.0 6.150 -9.582
3648 94.0 6.484 -9.486
3660 94.0 6.754 -9.562
3672 94.0 7.269 -9.375
3684 94.0 7.997 -10.248
3696 94.0 8.322 -9.799
3708 94.0 8.725 -9.965
3720 94.0 9.241 -10.072
3732 94.0 9.601 -10.337
3744 94.0 10.209 -10.286
3756 94.0 10.832 -10.304
3588 98.0 -1.325 -8.167
3600 98.0 -0.889 -8.215
3612 98.0 -0.348 -8.298
3624 98.0 0.219 -8.213
3636 98.0 0.832 -8.196
3648 98.0 1.388 -8.370
3660 98.0 1.893 -8.398
3672 98.0 2.565 -8.293
3684 98.0 3.210 -8.395
3696 98.0 3.527 -8.370
3708 98.0 4.120 -8.302
3720 98.0 4.698 -8.418
3732 98.0 5.220 -8.467
3744 98.0 5.786 -8.433
3756 98.0 6.305 -8.421
3768 98.0 6.850 -8.411
3780 98.0 7.264 -8.414
3792 98.0 8.033 -8.381
3804 98.0 8.430 -8.398
3816 98.0 9.009 -8.416
3624 64.0 -22.881 -8.268
3636 64.0 -22.333 -8.185
3648 64.0 -21.547 -8.105
3660 64.0 -21.275 -8.074
3672 64.0 -20.726 -8.104
3684 64.0 -20.275 -8.255
3696 64.0 -19.724 -8.539
3708 64.0 -19.145 -8.040
3720 64.0 -18.682 -8.264
3732 64.0 -18.305 -7.814
3744 64.0 -17.818 -8.140
3756 64.0 -17.387 -7.896
3768 64.0 -16.767 -7.975
3780 64.0 -16.295 -7.908
3792 64.0 -15.636 -8.104
3804 64.0 -15.302 -7.940
3816 64.0 -14.790 -8.027
3828 64.0 -14.233 -7.988
3840 64.0 -13.530 -7.848
3852 64.0 -13.125 -8.041
3648 102.0 6.778 -12.621
3660 102.0 6.393 -12.382
3672 102.0 5.938 -12.589
3684 102.0 5.401 -12.683
3696 102.0 4.863 -12.898
3708 102.0 4.317 -12.967
3720 102.0 3.615 -12.723
3732 102.0 3.117 -12.773
3744 102.0 2.855 -12.730
3756 102.0 2.174 -13.190
3768 102.0 1.488 -12.819
3780 102.0 1.292 -13.563
3792 102.0 0.511 -13.175
3804 102.0 -0.036 -13.182
3816 102.0 -0.579 -12.981
3828 102.0 -1.051 -13.248
3840 102.0 -1.596 -13.399
3852 102.0 -2.012 -13.088
3864 102.0 -2.576 -13.169
3876 102.0 -3.367 -13.363
3768 95.0 11.182 -10.179
3780 95.0 11.643 -10.313
3792 95.0 12.148 -10.257
3804 95.0 12.666 -10.253
3816 95.0 13.050 -10.176
3828 95.0 13.600 -10.204
3840 95.0 14.155 -10.331
3852 95.0 14.671 -10.309
3864 95.0 15.047 -10.377
3876 95.0 15.657 -10.361
3888 95.0 16.126 -10.441
3900 95.0 16.520 -10.461
3912 95.0 17.018 -10.335
3924 95.0 17.497 -10.294
3936 95.0 17.975 -10.296
3948 95.0 18.454 -10.404
3960 95.0 19.084 -10.480
3972 95.0 19.418 -10.624
3984 95.0 19.750 -10.598
3996 95.0 20.269 -10.577
3864 65.0 -12.823 -7.997
3876 65.0 -12.363 -7.903
3888 65.0 -11.603 -7.555
3900 65.0 -10.942 -7.864
3912 65.0 -10.545 -7.705
3924 65.0 -9.868 -7.686
3936 65.0 -9.699 -7.663
3948 65.0 -8.885 -7.426
3960 65.0 -8.502 -7.361
3972 65.0 -7.732 -7.527
3984 65.0 -7.381 -7.526
3996 65.0 -6.838 -7.510
4008 65.0 -6.589 -7.360
4020 65.0 -5.967 -7.144
4032 65.0 -5.379 -7.016
4044 65.0 -5.149 -7.295
4056 65.0 -4.757 -6.852
4068 65.0 -4.415 -6.934
4080 65.0 -3.774 -6.763
4092 65.0 -2.886 -7.190
3888 103.0 -3.712 -13.289
3900 103.0 -4.017 -12.994
3912 103.0 -4.535 -12.865
3924 103.0 -4.969 -12.803
3936 103.0 -5.388 -12.500
3948 103.0 -5.830 -12.241
3960 103.0 -6.428 -12.225
3972 103.0 -6.941 -12.036
3984 103.0 -7.659 -12.077
3996 103.0 -8.035 -11.909
4008 103.0 -8.699 -11.885
4020 103.0 -8.971 -11.629
4032 103.0 -9.500 -11.421
4044 103.0 -9.967 -11.380
4056 103.0 -10.229 -11.184
4068 103.0 -10.823 -11.256
4080 103.0 -11.523 -10.914
4092 103.0 -11.836 -10.876
4104 103.0 -12.442 -10.705
4116 103.0 -12.957 -10.379
4104 66.0 -2.458 -7.024
4116 66.0 -1.689 -7.086
4128 66.0 -1.512 -6.856
4140 66.0 -0.862 -6.324
4152 66.0 0.129 -5.308
4164 66.0 0.448 -6.251
4176 66.0 0.602 -7.282
4188 66.0 1.049 -7.405
4200 66.0 1.795 -7.733
4212 66.0 2.115 -7.630
4224 66.0 2.542 -7.788
4236 66.0 3.037 -7.382
4248 66.0 3.668 -8.110
4260 66.0 3.944 -8.254
4272 66.0 4.559 -8.246
4284 66.0 4.827 -8.924
4296 66.0 5.485 -8.737
4308 66.0 5.753 -9.075
4320 66.0 6.379 -9.183
4332 66.0 6.863 -9.383
4116 69.0 -23.303 -8.323
4128 69.0 -22.701 -8.138
4140 69.0 -21.499 -7.866
4152 69.0 -21.172 -7.695
4164 69.0 -20.579 -7.552
4176 69.0 -19.655 -7.324
4188 69.0 -18.866 -7.053
4200 69.0 -18.255 -6.907
4212 69.0 -17.803 -6.821
4224 69.0 -16.857 -6.948
4236 69.0 -16.120 -7.247
4248 69.0 -15.505 -7.295
4260 69.0 -14.981 -7.201
4272 69.0 -13.962 -7.500
4284 69.0 -13.556 -7.298
4296 69.0 -12.613 -7.404
4308 69.0 -11.844 -7.383
4320 69.0 -11.213 -7.421
4332 69.0 -10.466 -7.570
4344 69.0 -9.267 -7.634
4128 104.0 -13.283 -10.639
4140 104.0 -13.820 -10.232
4152 104.0 -14.256 -9.813
4164 104.0 -14.769 -9.864
4176 104.0 -15.236 -9.782
4188 104.0 -15.760 -9.656
4200 104.0 -16.346 -9.478
4212 104.0 -16.768 -9.272
4224 104.0 -17.341 -9.093
4236 104.0 -17.652 -9.009
4248 104.0 -17.710 -9.347
4260 104.0 -17.571 -9.628
4272 104.0 -19.172 -8.655
4284 104.0 -19.789 -8.775
4296 104.0 -20.218 -8.795
4308 104.0 -20.735 -8.782
4320 104.0 -21.247 -8.658
4332 104.0 -21.687 -8.525
4344 104.0 -22.152 -8.579
4356 104.0 -22.682 -8.743
4344 67.0 7.497 -9.580
4356 67.0 8.021 -9.704
4368 67.0 8.503 -9.678
4380 67.0 9.171 -10.020
4392 67.0 9.658 -9.595
4404 67.0 10.140 -9.968
4416 67.0 10.745 -10.272
4428 67.0 11.040 -10.307
4440 67.0 11.921 -10.463
4452 67.0 12.520 -10.451
4464 67.0 12.897 -10.662
4476 67.0 13.376 -10.902
4488 67.0 13.855 -10.831
4500 67.0 14.466 -11.002
4512 67.0 15.122 -11.605
4524 67.0 15.361 -11.849
4536 67.0 16.108 -11.832
4548 67.0 16.579 -11.765
4560 67.0 17.101 -11.991
4572 67.0 17.544 -11.911
4356 70.0 -9.092 -7.643
4368 70.0 -8.240 -7.437
4380 70.0 -7.668 -7.518
4392 70.0 -6.606 -7.515
4404 70.0 -5.879 -7.602
4416 70.0 -5.454 -7.592
4428 70.0 -4.563 -7.417
4440 70.0 -3.847 -7.567
4452 70.0 -3.095 -7.595
4464 70.0 -2.277 -7.655
4476 70.0 -1.590 -7.542
4488 70.0 -1.064 -7.710
4500 70.0 0.029 -7.783
4512 70.0 0.680 -7.790
4524 70.0 1.352 -7.980
4536 70.0 1.942 -8.103
4548 70.0 2.710 -8.392
4560 70.0 3.474 -8.492
4572 70.0 4.144 -8.776
4584 70.0 4.883 -8.867
4440 105.0 -23.071 -7.983
4452 105.0 -22.470 -7.332
4464 105.0 -22.002 -7.649
4476 105.0 -21.405 -7.740
4488 105.0 -21.120 -7.368
4500 105.0 -20.436 -7.299
4512 105.0 -19.679 -7.376
4524 105.0 -19.154 -7.713
4536 105.0 -18.411 -7.558
4548 105.0 -18.055 -7.672
4560 105.0 -17.500 -7.638
4572 105.0 -16.756 -7.423
4584 105.0 -16.255 -7.531
4596 105.0 -15.717 -7.752
4608 105.0 -15.135 -7.660
4620 105.0 -14.488 -7.480
4632 105.0 -14.159 -7.724
4644 105.0 -13.423 -7.610
4656 105.0 -12.851 -7.563
4668 105.0 -12.367 -7.730
4584 68.0 18.160 -11.831
4596 68.0 18.557 -11.712
4608 68.0 19.189 -11.985
4620 68.0 19.454 -11.745
4632 68.0 19.887 -11.540
4644 68.0 20.554 -11.772
4656 68.0 21.024 -11.849
4668 68.0 21.389 -11.875
4680 68.0 21.974 -11.690
4692 68.0 22.476 -11.874
4704 68.0 22.895 -11.525
4716 68.0 23.526 -11.496
4728 68.0 23.705 -11.450
4740 68.0 24.445 -11.603
4752 68.0 24.527 -11.525
4764 68.0 25.198 -11.533
4776 68.0 25.600 -11.455
4788 68.0 26.362 -11.226
4800 68.0 26.650 -11.376
4812 68.0 27.175 -11.325
4596 71.0 5.359 -8.927
4608 71.0 6.083 -8.881
4620 71.0 6.875 -9.284
4632 71.0 7.472 -9.475
4644 71.0 8.146 -9.536
4656 71.0 8.852 -9.479
4668 71.0 9.640 -9.781
4680 71.0 10.401 -9.829
4692 71.0 10.964 -9.790
4704 71.0 11.841 -9.958
4716 71.0 12.568 -9.936
4728 71.0 13.221 -10.265
4740 71.0 13.985 -10.151
4752 71.0 14.595 -10.062
4764 71.0 15.518 -10.155
4776 71.0 15.983 -10.346
4788 71.0 16.737 -10.165
4800 71.0 17.459 -10.325
4812 71.0 18.355 -10.524
4824 71.0 19.061 -10.584
4680 106.0 -11.837 -7.253
4692 106.0 -11.187 -7.631
4704 106.0 -10.569 -7.653
4716 106.0 -10.182 -7.776
4728 106.0 -9.691 -7.264
4740 106.0 -8.871 -7.842
4752 106.0 -8.574 -7.206
4764 106.0 -8.114 -7.766
4776 106.0 -7.568 -7.622
4788 106.0 -7.065 -7.337
4800 106.0 -6.839 -7.185
4812 106.0 -6.216 -7.457
4824 106.0 -5.319 -7.714
4836 106.0 -4.546 -7.533
4848 106.0 -4.395 -7.575
4860 106.0 -3.721 -7.421
4872 106.0 -2.969 -7.357
4884 106.0 -2.809 -7.892
4896 106.0 -2.097 -7.620
4908 106.0 -1.666 -7.411
4920 107.0 -1.037 -7.491
4932 107.0 -0.431 -7.494
4944 107.0 0.097 -7.457
4956 107.0 0.697 -7.372
4968 107.0 1.206 -7.317
4980 107.0 1.833 -7.437
4992 107.0 2.350 -7.291
5004 107.0 2.966 -7.368
5016 107.0 3.396 -7.609
5028 107.0 3.854 -7.866
5040 107.0 4.252 -8.046
5052 107.0 4.629 -8.297
5064 107.0 5.339 -8.545
5076 107.0 5.645 -8.726
5088 107.0 6.208 -8.782
5100 107.0 6.612 -9.033
5112 107.0 7.338 -9.237
5124 107.0 7.714 -9.148
5136 107.0 8.516 -9.309
5148 107.0 9.167 -9.337
5160 108.0 9.814 -9.556
5172 108.0 10.083 -9.408
5184 108.0 10.828 -9.657
5196 108.0 11.247 -9.606
5208 108.0 11.789 -9.947
5220 108.0 12.442 -10.124
5232 108.0 12.799 -9.849
5244 108.0 13.699 -9.867
5256 108.0 14.265 -10.182
5268 108.0 14.568 -10.217
5280 108.0 15.164 -10.377
5292 108.0 15.920 -10.549
5304 108.0 16.420 -10.421
5316 108.0 17.088 -10.499
5328 108.0 17.756 -10.567
5340 108.0 18.433 -10.441
5352 108.0 18.815 -10.387
5364 108.0 19.456 -10.522
5376 108.0 20.062 -10.577
5388 108.0 20.594 -10.454
6012 112.0 27.611 -25.225
6024 112.0 26.665 -25.391
6036 112.0 25.792 -25.214
6048 112.0 25.313 -25.218
6060 112.0 24.376 -25.249
6072 112.0 23.830 -25.077
6084 112.0 22.876 -25.025
6096 112.0 22.299 -24.972
6108 112.0 21.705 -25.020
6120 112.0 20.813 -25.200
6132 112.0 20.279 -25.059
6144 112.0 19.541 -25.074
6156 112.0 18.560 -25.144
6168 112.0 17.988 -24.833
6180 112.0 17.226 -25.218
6192 112.0 16.657 -24.883
6204 112.0 15.870 -24.949
6216 112.0 15.000 -25.093
6228 112.0 14.334 -25.171
6240 112.0 13.584 -25.076
6252 113.0 12.838 -25.148
6264 113.0 12.275 -24.960
6276 113.0 11.570 -24.807
6288 113.0 10.527 -25.126
6300 113.0 10.038 -24.990
6312 113.0 9.261 -25.065
6324 113.0 8.451 -24.978
6336 113.0 7.952 -25.020
6348 113.0 7.307 -24.883
6360 113.0 6.851 -25.112
6372 113.0 6.195 -25.112
6384 113.0 5.615 -25.095
6396 113.0 5.229 -25.094
6408 113.0 4.555 -25.074
6420 113.0 4.231 -24.764
6432 113.0 3.510 -24.889
6444 113.0 3.021 -24.632
6456 113.0 2.675 -24.796
6468 113.0 1.867 -24.935
6480 113.0 1.399 -24.845
6288 55.0 12.636 -5.648
6300 55.0 12.365 -5.786
6312 55.0 12.239 -5.955
6324 55.0 11.923 -6.283
6336 55.0 11.575 -6.626
6348 55.0 11.406 -6.781
6360 55.0 11.127 -6.980
6372 55.0 10.851 -7.135
6384 55.0 10.555 -7.548
6396 55.0 10.187 -7.945
6408 55.0 10.007 -8.153
6420 55.0 9.715 -8.200
6432 55.0 9.524 -8.588
6444 55.0 9.146 -8.958
6456 55.0 8.838 -9.244
6468 55.0 8.713 -9.420
6480 55.0 8.435 -9.638
6492 55.0 7.975 -9.840
6504 55.0 7.836 -10.267
6516 55.0 7.382 -10.472
6528 56.0 7.073 -10.761
6540 56.0 6.680 -10.983
6552 56.0 6.229 -11.034
6564 56.0 5.903 -11.440
6576 56.0 5.598 -11.621
6588 56.0 5.279 -11.934
6600 56.0 4.776 -12.129
6612 56.0 4.465 -12.323
6624 56.0 4.070 -12.599
6636 56.0 3.662 -12.927
6648 56.0 3.296 -12.985
6660 56.0 2.900 -13.373
6672 56.0 2.616 -12.940
6684 56.0 2.420 -12.862
6696 56.0 1.997 -12.678
6708 56.0 1.740 -12.503
6720 56.0 1.311 -12.271
6732 56.0 1.237 -12.056
6744 56.0 1.217 -11.924
6756 56.0 1.226 -11.814
6768 57.0 1.336 -11.517
6780 57.0 0.966 -11.581
6792 57.0 1.061 -11.388
6804 57.0 1.302 -11.041
6816 57.0 1.161 -10.840
6828 57.0 1.334 -10.587
6840 57.0 1.046 -10.337
6852 57.0 1.004 -10.135
6864 57.0 1.213 -10.018
6876 57.0 1.285 -9.786
6888 57.0 1.301 -9.765
6900 57.0 1.547 -9.398
6912 57.0 1.546 -9.354
6924 57.0 1.974 -9.040
6936 57.0 1.992 -8.667
6948 57.0 2.373 -8.681
6960 57.0 2.318 -8.386
6972 57.0 2.596 -8.171
6984 57.0 2.769 -7.932
6996 57.0 3.014 -8.013
7008 58.0 3.679 -7.540
7020 58.0 3.903 -7.628
7032 58.0 4.554 -7.343
7044 58.0 4.581 -7.213
7056 58.0 5.115 -6.976
7068 58.0 5.432 -6.953
7080 58.0 5.874 -6.986
7092 58.0 6.313 -6.448
7104 58.0 6.722 -6.513
7116 58.0 7.366 -6.154
7128 58.0 7.416 -6.263
7140 58.0 7.924 -6.129
7152 58.0 8.196 -6.095
7164 58.0 8.351 -6.205
7176 58.0 8.687 -6.092
7188 58.0 8.715 -6.223
7200 58.0 8.881 -5.815
7212 58.0 9.108 -6.116
7224 58.0 9.124 -6.018
7236 58.0 9.293 -6.034
7116 43.0 -22.899 -8.535
7128 43.0 -22.319 -8.322
7140 43.0 -21.941 -8.204
7152 43.0 -21.024 -7.953
7164 43.0 -20.465 -7.940
7176 43.0 -19.747 -7.953
7188 43.0 -18.879 -7.924
7200 43.0 -18.361 -8.104
7212 43.0 -17.541 -8.161
7224 43.0 -17.029 -7.897
7236 43.0 -16.503 -7.823
7248 43.0 -15.813 -8.237
7260 43.0 -15.137 -7.923
7272 43.0 -14.326 -8.003
7284 43.0 -13.525 -7.661
7296 43.0 -12.808 -8.138
7308 43.0 -12.536 -7.943
7320 43.0 -11.751 -8.020
7332 43.0 -10.874 -8.101
7344 43.0 -10.491 -8.003
7212 47.0 -23.016 -16.995
7224 47.0 -22.186 -16.976
7236 47.0 -21.646 -16.768
7248 47.0 -21.163 -16.682
7260 47.0 -20.636 -16.738
7272 47.0 -20.085 -16.745
7284 47.0 -19.457 -16.781
7296 47.0 -18.957 -16.525
7308 47.0 -18.639 -16.778
7320 47.0 -18.179 -16.749
7332 47.0 -17.712 -16.739
7344 47.0 -17.588 -16.833
7356 47.0 -17.222 -16.844
7368 47.0 -17.176 -17.227
7380 47.0 -16.843 -17.167
7392 47.0 -16.992 -17.179
7404 47.0 -17.014 -17.466
7416 47.0 -16.911 -17.429
7428 47.0 -16.771 -17.444
7440 47.0 -16.964 -17.399
7248 59.0 9.288 -5.996
7260 59.0 9.316 -6.040
7272 59.0 9.762 -5.780
7284 59.0 10.032 -5.827
7296 59.0 10.341 -5.938
7308 59.0 10.749 -5.879
7320 59.0 11.012 -5.800
7332 59.0 11.303 -5.853
7344 59.0 11.703 -5.823
7356 59.0 11.850 -5.743
7368 59.0 12.270 -5.746
7380 59.0 12.647 -5.545
7392 59.0 12.920 -5.829
7404 59.0 13.466 -5.431
7416 59.0 13.541 -5.516
7428 59.0 13.855 -5.659
7440 59.0 14.321 -5.465
7452 59.0 14.590 -5.787
7464 59.0 14.989 -5.947
7476 59.0 15.443 -6.015
7272 72.0 -12.142 -19.644
7284 72.0 -11.315 -19.160
7296 72.0 -10.857 -18.836
7308 72.0 -10.206 -18.309
7320 72.0 -9.556 -17.999
7332 72.0 -9.048 -17.614
7344 72.0 -8.429 -17.221
7356 72.0 -7.977 -16.666
7368 72.0 -7.281 -16.299
7380 72.0 -6.813 -15.869
7392 72.0 -6.378 -15.253
7404 72.0 -5.748 -15.112
7416 72.0 -5.032 -14.979
7428 72.0 -4.346 -14.751
7440 72.0 -3.786 -14.579
7452 72.0 -2.956 -14.329
7464 72.0 -2.239 -14.184
7476 72.0 -1.586 -14.177
7488 72.0 -0.915 -13.965
7500 72.0 -0.162 -13.610
7344 52.0 -14.178 -23.469
7356 52.0 -13.746 -23.537
7368 52.0 -12.967 -23.391
7380 52.0 -12.085 -23.428
7392 52.0 -11.307 -23.703
7404 52.0 -10.442 -23.645
7416 52.0 -9.836 -23.296
7428 52.0 -9.100 -23.367
7440 52.0 -8.342 -23.214
7452 52.0 -7.695 -22.865
7464 52.0 -7.131 -22.519
7476 52.0 -6.320 -22.301
7488 52.0 -6.007 -21.988
7500 52.0 -5.636 -21.800
7512 52.0 -4.946 -21.266
7524 52.0 -4.378 -20.969
7536 52.0 -3.693 -20.565
7548 52.0 -3.138 -20.257
7560 52.0 -2.446 -19.931
7572 52.0 -2.064 -19.511
7356 44.0 -9.858 -7.933
7368 44.0 -9.233 -7.837
7380 44.0 -8.285 -7.795
7392 44.0 -7.781 -7.479
7404 44.0 -6.794 -7.657
7416 44.0 -6.311 -7.863
7428 44.0 -5.241 -8.298
7440 44.0 -4.742 -8.348
7452 44.0 -4.086 -8.250
7464 44.0 -3.456 -7.626
7476 44.0 -2.892 -7.451
7488 44.0 -2.224 -7.684
7500 44.0 -1.144 -7.455
7512 44.0 -0.583 -7.843
7524 44.0 0.057 -7.874
7536 44.0 0.761 -7.587
7548 44.0 1.004 -7.919
7560 44.0 1.814 -7.867
7572 44.0 2.798 -8.039
7584 44.0 3.279 -8.107
7452 48.0 -16.969 -17.268
7464 48.0 -17.006 -17.544
7476 48.0 -17.012 -17.399
7488 48.0 -17.222 -17.209
7500 48.0 -16.929 -17.631
7512 48.0 -16.798 -17.221
7524 48.0 -16.774 -17.242
7536 48.0 -17.058 -17.352
7548 48.0 -17.120 -17.309
7560 48.0 -17.146 -17.504
7572 48.0 -17.026 -17.169
7584 48.0 -17.407 -17.492
7596 48.0 -17.169 -17.591
7608 48.0 -17.266 -17.192
7620 48.0 -17.151 -17.483
7632 48.0 -17.487 -17.474
7644 48.0 -17.450 -17.181
7656 48.0 -17.287 -17.605
7668 48.0 -17.647 -17.486
7680 48.0 -17.530 -17.388
7488 60.0 15.795 -6.168
7500 60.0 16.298 -6.375
7512 60.0 16.838 -6.216
7524 60.0 17.185 -6.083
7536 60.0 17.676 -6.188
7548 60.0 18.012 -6.133
7560 60.0 18.525 -5.936
7572 60.0 18.902 -5.936
7584 60.0 19.390 -5.846
7596 60.0 19.574 -5.851
7608 60.0 20.147 -5.981
7620 60.0 20.603 -5.838
7632 60.0 20.706 -5.695
7644 60.0 21.045 -5.790
7656 60.0 21.303 -5.674
7668 60.0 21.542 -5.619
7680 60.0 21.880 -5.551
7692 60.0 22.467 -5.796
7704 60.0 22.471 -5.861
7716 60.0 22.785 -5.815
7500 28.0 -2.843 -21.710
7512 28.0 -2.170 -21.147
7524 28.0 -1.572 -20.703
7536 28.0 -1.088 -19.925
7548 28.0 -0.553 -19.465
7560 28.0 0.110 -18.826
7572 28.0 0.624 -18.255
7584 28.0 1.160 -17.854
7596 28.0 1.807 -17.131
7608 28.0 2.299 -16.664
7620 28.0 2.872 -15.985
7632 28.0 3.535 -15.754
7644 28.0 4.192 -15.243
7656 28.0 4.631 -14.917
7668 28.0 5.095 -14.397
7680 28.0 5.927 -13.911
7692 28.0 6.277 -13.658
7704 28.0 7.040 -13.496
7716 28.0 7.659 -13.282
7728 28.0 8.340 -13.055
7512 73.0 0.439 -13.355
7524 73.0 1.276 -13.113
7536 73.0 2.065 -12.994
7548 73.0 2.736 -12.718
7560 73.0 3.146 -12.788
7572 73.0 3.707 -12.841
7584 73.0 4.491 -12.620
7596 73.0 5.309 -12.043
7608 73.0 5.970 -12.215
7620 73.0 6.476 -11.981
7632 73.0 7.144 -11.556
7644 73.0 7.699 -11.681
7656 73.0 8.254 -11.747
7668 73.0 9.097 -11.307
7680 73.0 9.689 -11.442
7692 73.0 10.543 -11.471
7704 73.0 11.134 -11.311
7716 73.0 12.118 -11.153
7728 73.0 12.690 -11.245
7740 73.0 13.065 -11.400
7584 53.0 -1.393 -19.175
7596 53.0 -0.731 -18.696
7608 53.0 -0.157 -18.303
7620 53.0 0.477 -17.946
7632 53.0 0.992 -17.463
7644 53.0 1.442 -17.226
7656 53.0 2.209 -16.671
7668 53.0 2.840 -16.418
7680 53.0 3.271 -16.042
7692 53.0 3.881 -15.759
7704 53.0 4.573 -15.306
7716 53.0 5.205 -15.037
7728 53.0 5.801 -14.811
7740 53.0 6.391 -14.650
7752 53.0 7.209 -14.375
7764 53.0 7.794 -13.902
7776 53.0 8.500 -13.787
7788 53.0 9.074 -13.594
7800 53.0 9.778 -13.508
7812 53.0 10.583 -13.464
7596 45.0 4.034 -8.341
7608 45.0 4.752 -8.464
7620 45.0 5.356 -8.447
7632 45.0 6.029 -8.703
7644 45.0 6.799 -8.654
7656 45.0 7.358 -8.763
7668 45.0 8.120 -8.850
7680 45.0 8.824 -9.075
7692 45.0 9.501 -9.183
7704 45.0 10.114 -9.240
7716 45.0 10.811 -9.345
7728 45.0 11.544 -9.633
7740 45.0 12.271 -9.453
7752 45.0 13.036 -9.621
7764 45.0 13.796 -9.804
7776 45.0 14.511 -9.949
7788 45.0 15.251 -10.206
7800 45.0 15.967 -10.270
7812 45.0 16.657 -10.294
7824 45.0 17.481 -10.493
7596 77.0 27.022 -14.913
7608 77.0 26.595 -14.954
7620 77.0 25.915 -14.856
7632 77.0 25.260 -14.733
7644 77.0 24.729 -14.600
7656 77.0 24.415 -14.517
7668 77.0 23.786 -14.379
7680 77.0 23.277 -14.255
7692 77.0 22.747 -13.947
7704 77.0 22.089 -13.928
7716 77.0 21.447 -13.632
7728 77.0 20.985 -13.793
7740 77.0 20.495 -13.766
7752 77.0 19.908 -13.491
7764 77.0 19.261 -13.270
7776 77.0 18.882 -13.228
7788 77.0 18.205 -13.446
7800 77.0 17.518 -13.354
7812 77.0 17.064 -13.316
7824 77.0 16.486 -13.331
7692 49.0 -17.587 -17.358
7704 49.0 -17.633 -17.503
7716 49.0 -17.676 -17.527
7728 49.0 -17.658 -17.427
7740 49.0 -17.742 -17.507
7752 49.0 -17.927 -17.511
7764 49.0 -17.845 -17.599
7776 49.0 -17.883 -17.422
7788 49.0 -17.716 -17.645
7800 49.0 -17.849 -17.756
7812 49.0 -17.824 -17.991
7824 49.0 -17.846 -17.904
7836 49.0 -17.907 -18.068
7848 49.0 -18.002 -18.065
7860 49.0 -18.060 -18.164
7872 49.0 -17.941 -18.061
7884 49.0 -17.990 -18.130
7896 49.0 -17.923 -18.069
7908 49.0 -17.854 -18.118
7920 49.0 -18.042 -18.088
7704 46.0 -23.111 -15.150
7716 46.0 -22.449 -14.659
7728 46.0 -22.303 -15.145
7740 46.0 -21.833 -15.440
7752 46.0 -21.232 -15.665
7764 46.0 -21.078 -15.751
7776 46.0 -20.478 -15.930
7788 46.0 -20.195 -16.408
7800 46.0 -19.744 -15.993
7812 46.0 -19.800 -16.071
7824 46.0 -19.082 -16.054
7836 46.0 -18.873 -16.351
7848 46.0 -18.462 -16.277
7860 46.0 -18.600 -16.230
7872 46.0 -18.064 -16.305
7884 46.0 -18.188 -16.356
7896 46.0 -18.211 -17.000
7908 46.0 -18.082 -16.868
7920 46.0 -17.641 -17.076
7932 46.0 -17.750 -17.119
7728 61.0 23.133 -5.820
7740 61.0 23.436 -5.834
7752 61.0 23.692 -5.925
7764 61.0 23.954 -5.975
7776 61.0 24.170 -6.016
7788 61.0 24.306 -5.966
7800 61.0 24.676 -5.940
7812 61.0 24.844 -5.935
7824 61.0 25.096 -6.009
7836 61.0 25.259 -5.981
7848 61.0 25.389 -6.019
7860 61.0 25.822 -5.964
7872 61.0 25.958 -5.967
7884 61.0 26.243 -6.113
7896 61.0 26.349 -6.091
7908 61.0 26.684 -5.931
7920 61.0 27.015 -5.777
7932 61.0 27.080 -5.529
7944 61.0 27.356 -5.191
7956 61.0 27.570 -5.024
7740 29.0 9.064 -12.611
7752 29.0 9.503 -12.398
7764 29.0 10.148 -12.438
7776 29.0 10.943 -12.583
7788 29.0 11.564 -11.902
7800 29.0 12.584 -11.768
7812 29.0 13.797 -11.939
7824 29.0 14.179 -11.727
7836 29.0 15.154 -11.595
7848 29.0 16.064 -11.535
7860 29.0 16.772 -11.399
7872 29.0 17.636 -11.248
7884 29.0 18.560 -11.234
7896 29.0 19.281 -11.136
7908 29.0 20.091 -11.243
7920 29.0 21.150 -11.391
7932 29.0 21.415 -10.911
7944 29.0 22.633 -10.793
7956 29.0 22.859 -10.960
7968 29.0 23.802 -11.087
7752 74.0 14.088 -11.453
7764 74.0 14.787 -11.520
7776 74.0 15.634 -11.436
7788 74.0 16.344 -11.647
7800 74.0 16.865 -11.634
7812 74.0 17.734 -12.057
7824 74.0 18.723 -11.930
7836 74.0 19.453 -12.146
7848 74.0 20.003 -12.061
7860 74.0 20.794 -12.066
7872 74.0 21.525 -12.456
7884 74.0 22.369 -12.489
7896 74.0 22.998 -12.615
7908 74.0 23.695 -12.844
7920 74.0 24.642 -12.978
7932 74.0 25.146 -13.002
7944 74.0 25.992 -12.782
7956 74.0 26.541 -12.585
7968 74.0 27.125 -12.407
7980 74.0 27.640 -12.370
7824 54.0 11.225 -13.251
7836 54.0 11.939 -13.078
7848 54.0 12.693 -13.080
7860 54.0 13.331 -12.849
7872 54.0 14.165 -12.680
7884 54.0 14.570 -12.490
7896 54.0 15.441 -12.571
7908 54.0 16.139 -12.401
7920 54.0 16.774 -12.392
7932 54.0 17.516 -12.099
7944 54.0 18.307 -12.068
7956 54.0 18.892 -11.939
7968 54.0 19.674 -12.072
7980 54.0 20.328 -11.910
7992 54.0 20.889 -12.002
8004 54.0 21.615 -11.774
8016 54.0 22.328 -11.864
8028 54.0 23.076 -11.802
8040 54.0 23.681 -11.795
8052 54.0 24.408 -11.619
7836 78.0 15.801 -13.306
7848 78.0 15.390 -13.432
7860 78.0 14.811 -13.436
7872 78.0 14.223 -13.474
7884 78.0 13.608 -13.472
7896 78.0 12.904 -13.498
7908 78.0 12.400 -13.545
7920 78.0 11.711 -13.494
7932 78.0 11.329 -13.468
7944 78.0 10.708 -13.475
7956 78.0 10.187 -13.241
7968 78.0 9.563 -13.126
7980 78.0 8.972 -13.154
7992 78.0 8.364 -13.029
8004 78.0 7.724 -13.009
8016 78.0 7.256 -13.151
8028 78.0 6.569 -13.023
8040 78.0 6.089 -13.120
8052 78.0 5.236 -13.032
8064 78.0 4.657 -13.014
7932 50.0 -17.989 -18.082
7944 50.0 -17.859 -18.049
7956 50.0 -18.093 -18.265
7968 50.0 -17.858 -18.206
7980 50.0 -18.051 -17.839
7992 50.0 -17.658 -18.007
8004 50.0 -17.728 -18.183
8016 50.0 -17.722 -18.260
8028 50.0 -17.960 -18.061
8040 50.0 -17.773 -18.135
8052 50.0 -17.869 -17.970
8064 50.0 -17.900 -18.065
8076 50.0 -17.883 -18.078
8088 50.0 -17.875 -17.953
8100 50.0 -17.858 -17.834
8112 50.0 -17.879 -18.001
8124 50.0 -17.958 -18.113
8136 50.0 -17.781 -18.015
8148 50.0 -17.763 -18.066
8160 50.0 -18.060 -17.970
7992 75.0 27.442 -12.458
8004 75.0 27.546 -12.648
8016 75.0 27.435 -12.618
8028 75.0 27.454 -12.742
8040 75.0 27.590 -12.787
8052 75.0 27.444 -12.924
8064 75.0 27.400 -12.965
8076 75.0 27.425 -13.070
8088 75.0 27.445 -13.113
8100 75.0 27.687 -13.039
8112 75.0 27.423 -13.121
8124 75.0 27.320 -13.288
8136 75.0 27.337 -13.420
8148 75.0 27.419 -13.478
8160 75.0 27.431 -13.554
8172 75.0 27.420 -13.453
8184 75.0 27.178 -13.578
8196 75.0 27.388 -13.739
8208 75.0 27.323 -13.649
8220 75.0 27.264 -13.811
8076 79.0 4.003 -13.052
8088 79.0 3.241 -12.692
8100 79.0 3.056 -12.953
8112 79.0 2.500 -12.695
8124 79.0 2.273 -12.678
8136 79.0 1.322 -12.842
8148 79.0 0.450 -12.917
8160 79.0 0.112 -13.181
8172 79.0 -0.448 -12.778
8184 79.0 -0.918 -13.219
8196 79.0 -1.798 -12.574
8208 79.0 -2.323 -12.773
8220 79.0 -3.146 -12.823
8232 79.0 -3.613 -12.612
8244 79.0 -4.012 -12.598
8256 79.0 -4.571 -12.622
8268 79.0 -5.237 -12.172
8280 79.0 -5.874 -12.221
8292 79.0 -6.561 -12.069
8304 79.0 -6.718 -11.883
8172 51.0 -17.917 -17.808
8184 51.0 -18.064 -18.179
8196 51.0 -17.807 -18.204
8208 51.0 -17.872 -18.039
8220 51.0 -17.950 -17.964
8232 51.0 -17.854 -17.899
8244 51.0 -17.848 -18.371
8256 51.0 -17.788 -18.126
8268 51.0 -17.861 -17.942
8280 51.0 -17.852 -18.053
8292 51.0 -17.611 -18.094
8304 51.0 -17.740 -18.050
8316 51.0 -17.742 -17.734
8328 51.0 -17.855 -17.828
8340 51.0 -17.935 -17.957
8352 51.0 -17.796 -18.058
8364 51.0 -17.745 -18.226
8376 51.0 -17.719 -17.740
8388 51.0 -18.047 -18.026
8400 51.0 -17.972 -18.291
8232 76.0 27.343 -13.965
8244 76.0 27.183 -14.105
8256 76.0 27.414 -14.148
8268 76.0 27.213 -14.154
8280 76.0 27.178 -14.328
8292 76.0 27.266 -14.368
8304 76.0 27.155 -14.398
8316 76.0 27.191 -14.481
8328 76.0 27.213 -14.680
8340 76.0 26.723 -14.434
8352 76.0 25.471 -14.494
8364 76.0 24.225 -14.401
8376 76.0 23.034 -14.462
8388 76.0 21.774 -14.495
8400 76.0 20.693 -14.295
8412 76.0 19.318 -14.263
8424 76.0 18.223 -14.340
8436 76.0 16.905 -14.276
8448 76.0 15.825 -14.145
8460 76.0 14.629 -13.549
8316 80.0 -7.646 -11.692
8328 80.0 -8.211 -11.767
8340 80.0 -8.495 -11.264
8352 80.0 -8.822 -11.355
8364 80.0 -9.505 -11.251
8376 80.0 -9.893 -10.553
8388 80.0 -10.761 -10.350
8400 80.0 -10.903 -10.678
8412 80.0 -11.550 -10.448
8424 80.0 -12.161 -10.327
8436 80.0 -12.782 -9.787
8448 80.0 -13.529 -9.601
8460 80.0 -13.959 -9.832
8472 80.0 -14.584 -9.519
8484 80.0 -15.161 -9.783
8496 80.0 -15.345 -9.555
8508 80.0 -16.351 -9.190
8520 80.0 -17.026 -9.770
8532 80.0 -17.277 -9.591
8544 80.0 -17.535 -9.775
8496 81.0 6.642 -25.449
8508 81.0 7.587 -24.878
8520 81.0 8.466 -24.777
8532 81.0 9.411 -24.635
8544 81.0 10.112 -24.870
8556 81.0 10.679 -24.798
8568 81.0 11.252 -24.751
8580 81.0 11.803 -24.790
8592 81.0 12.436 -24.981
8604 81.0 13.174 -25.020
8616 81.0 13.637 -24.832
8628 81.0 14.306 -25.041
8640 81.0 14.736 -25.152
8652 81.0 15.394 -25.100
8664 81.0 15.873 -25.182
8676 81.0 16.511 -25.085
8688 81.0 17.035 -25.257
8700 81.0 17.783 -25.239
8712 81.0 18.062 -25.287
8724 81.0 18.902 -25.235
8496 82.0 7.957 -27.091
8508 82.0 7.506 -26.274
8520 82.0 7.117 -26.109
8532 82.0 6.826 -25.972
8544 82.0 5.950 -25.593
8556 82.0 5.699 -25.673
8568 82.0 4.834 -25.658
8580 82.0 4.609 -25.734
8592 82.0 4.142 -25.680
8604 82.0 3.709 -25.647
8616 82.0 2.732 -25.575
8628 82.0 2.364 -25.337
8640 82.0 1.444 -25.539
8652 82.0 1.077 -25.692
8664 82.0 0.344 -25.513
8676 82.0 -0.521 -25.404
8688 82.0 -0.966 -25.303
8700 82.0 -1.562 -25.341
8712 82.0 -2.531 -25.231
8724 82.0 -2.916 -25.197
8496 84.0 -0.348 -24.275
8508 84.0 0.412 -24.267
8520 84.0 1.129 -24.323
8532 84.0 1.691 -24.400
8544 84.0 2.449 -24.421
8556 84.0 3.099 -24.560
8568 84.0 3.745 -24.623
8580 84.0 4.311 -24.846
8592 84.0 4.957 -24.716
8604 84.0 5.687 -24.972
8616 84.0 6.254 -25.003
8628 84.0 6.846 -25.086
8640 84.0 7.564 -25.031
8652 84.0 8.283 -25.061
8664 84.0 8.896 -25.114
8676 84.0 9.589 -25.119
8688 84.0 10.329 -25.111
8700 84.0 10.811 -25.051
8712 84.0 11.626 -25.047
8724 84.0 12.245 -25.012
8736 83.0 -3.663 -25.232
8748 83.0 -4.324 -25.331
8760 83.0 -5.015 -25.323
8772 83.0 -5.734 -25.282
8784 83.0 -6.385 -25.112
8796 83.0 -6.986 -25.149
8808 83.0 -7.559 -24.988
8820 83.0 -8.262 -25.103
8832 83.0 -9.005 -25.139
8844 83.0 -9.652 -25.110
8856 83.0 -10.206 -25.053
8868 83.0 -11.059 -25.210
8880 83.0 -11.640 -25.303
8892 83.0 -11.925 -25.311
8904 83.0 -12.243 -25.321
8916 83.0 -12.819 -25.365
8928 83.0 -13.103 -25.307
8940 83.0 -13.680 -25.452
8952 83.0 -13.976 -25.515
8964 83.0 -14.330 -25.427
8736 85.0 12.817 -24.728
8748 85.0 13.354 -24.914
8760 85.0 14.133 -24.792
8772 85.0 14.932 -25.010
8784 85.0 15.517 -24.808
8796 85.0 16.057 -24.901
8808 85.0 17.015 -24.893
8820 85.0 17.519 -24.653
8832 85.0 18.336 -24.797
8844 85.0 18.764 -24.692
8856 85.0 19.640 -24.661
8868 85.0 20.169 -24.783
8880 85.0 20.731 -24.671
8892 85.0 21.492 -24.798
8904 85.0 22.166 -24.782
8916 85.0 22.853 -24.794
8928 85.0 23.735 -25.070
8940 85.0 24.124 -24.928
8952 85.0 24.833 -25.062
8964 85.0 25.475 -24.889
