0 45.0 -41.270 -3.439
12 45.0 -40.898 -3.787
24 45.0 -40.536 -3.905
36 45.0 -40.104 -4.181
48 45.0 -39.735 -4.319
60 45.0 -39.119 -4.651
72 45.0 -38.866 -4.845
84 45.0 -38.410 -5.013
96 45.0 -37.987 -5.327
108 45.0 -37.757 -5.363
120 45.0 -37.190 -5.258
132 45.0 -36.765 -5.516
144 45.0 -36.521 -5.341
156 45.0 -36.120 -5.457
168 45.0 -35.746 -5.841
180 45.0 -35.439 -5.997
192 45.0 -35.009 -6.122
204 45.0 -34.607 -6.347
216 45.0 -34.215 -6.552
228 45.0 -34.028 -6.900
0 18.0 -30.718 15.637
12 18.0 -30.824 15.117
24 18.0 -30.637 14.681
36 18.0 -30.961 14.038
48 18.0 -31.350 13.784
60 18.0 -31.599 12.949
72 18.0 -31.606 12.628
84 18.0 -32.054 12.198
96 18.0 -32.036 11.600
108 18.0 -32.240 10.830
120 18.0 -32.584 10.602
132 18.0 -32.693 9.970
144 18.0 -33.367 9.251
156 18.0 -33.455 9.084
168 18.0 -33.696 8.386
180 18.0 -33.868 7.787
192 18.0 -34.267 7.394
204 18.0 -34.619 6.623
216 18.0 -34.682 6.040
228 18.0 -34.855 5.463
0 21.0 -32.033 -17.376
12 21.0 -31.671 -17.505
24 21.0 -31.446 -17.523
36 21.0 -30.770 -17.800
48 21.0 -30.372 -17.834
60 21.0 -30.038 -17.958
72 21.0 -29.703 -18.203
84 21.0 -29.136 -18.003
96 21.0 -28.932 -18.147
108 21.0 -28.084 -18.404
120 21.0 -27.236 -18.097
132 21.0 -26.696 -18.390
144 21.0 -25.909 -18.223
156 21.0 -25.233 -18.099
168 21.0 -24.687 -17.822
180 21.0 -24.155 -18.078
192 21.0 -23.447 -17.956
204 21.0 -23.102 -17.890
216 21.0 -22.704 -17.965
228 21.0 -22.229 -17.945
144 7.0 -31.458 23.483
156 7.0 -31.257 23.071
168 7.0 -31.392 22.559
180 7.0 -31.519 22.056
192 7.0 -31.443 21.736
204 7.0 -31.435 20.993
216 7.0 -31.525 20.534
228 7.0 -31.562 20.132
240 7.0 -31.671 19.975
252 7.0 -31.722 20.113
264 7.0 -31.703 19.274
276 7.0 -31.792 17.963
288 7.0 -31.751 17.181
300 7.0 -31.764 16.575
312 7.0 -31.793 16.197
324 7.0 -31.633 15.560
336 7.0 -31.914 15.231
348 7.0 -31.821 14.605
360 7.0 -32.003 14.220
372 7.0 -32.160 13.781
192 27.0 -21.815 22.495
204 27.0 -21.878 20.804
216 27.0 -21.847 19.107
228 27.0 -21.700 17.434
240 27.0 -21.804 15.449
252 27.0 -21.412 13.864
264 27.0 -21.150 12.260
276 27.0 -20.631 10.720
288 27.0 -20.334 9.069
300 27.0 -19.895 7.558
312 27.0 -19.154 6.260
324 27.0 -18.140 5.179
336 27.0 -17.273 4.265
348 27.0 -16.341 2.890
360 27.0 -15.294 1.923
372 27.0 -13.785 0.920
384 27.0 -11.600 -0.157
396 27.0 -9.679 -0.950
408 27.0 -8.183 -1.224
420 27.0 -6.118 -1.894
240 46.0 -33.609 -6.949
252 46.0 -33.284 -7.023
264 46.0 -32.841 -7.355
276 46.0 -32.451 -7.566
288 46.0 -32.104 -7.552
300 46.0 -31.642 -7.821
312 46.0 -31.270 -7.836
324 46.0 -31.014 -8.035
336 46.0 -30.568 -8.171
348 46.0 -29.950 -8.276
360 46.0 -29.740 -8.355
372 46.0 -29.319 -8.724
384 46.0 -29.166 -8.842
396 46.0 -28.753 -8.920
408 46.0 -28.250 -9.048
420 46.0 -27.866 -9.366
432 46.0 -27.523 -9.844
444 46.0 -27.246 -9.693
456 46.0 -26.743 -9.944
468 46.0 -26.325 -10.305
240 19.0 -35.147 5.016
252 19.0 -35.258 4.601
264 19.0 -35.628 4.060
276 19.0 -36.027 3.477
288 19.0 -35.927 3.060
300 19.0 -36.409 2.484
312 19.0 -36.558 2.000
324 19.0 -36.700 1.582
336 19.0 -37.062 0.951
348 19.0 -37.272 0.435
360 19.0 -37.360 -0.198
372 19.0 -37.487 -0.705
384 19.0 -37.784 -1.137
396 19.0 -37.906 -2.131
408 19.0 -37.502 -2.430
420 19.0 -37.851 -2.958
432 19.0 -37.742 -3.472
444 19.0 -37.766 -4.094
456 19.0 -37.409 -4.597
468 19.0 -37.446 -4.960
240 22.0 -21.594 -17.843
252 22.0 -21.144 -17.633
264 22.0 -20.498 -17.751
276 22.0 -20.253 -17.646
288 22.0 -19.746 -17.583
300 22.0 -19.304 -17.362
312 22.0 -18.728 -17.347
324 22.0 -18.319 -17.002
336 22.0 -17.902 -16.829
348 22.0 -16.983 -16.746
360 22.0 -17.158 -16.626
372 22.0 -16.447 -16.259
384 22.0 -16.029 -16.168
396 22.0 -15.562 -15.913
408 22.0 -15.130 -15.490
420 22.0 -14.564 -15.621
432 22.0 -14.291 -15.241
444 22.0 -13.603 -15.167
456 22.0 -13.302 -15.100
468 22.0 -12.662 -15.030
336 35.0 -40.697 -5.918
348 35.0 -40.438 -5.874
360 35.0 -39.686 -5.695
372 35.0 -39.366 -6.015
384 35.0 -38.836 -5.894
396 35.0 -38.308 -5.897
408 35.0 -37.686 -5.962
420 35.0 -37.093 -6.161
432 35.0 -36.283 -6.010
444 35.0 -35.770 -5.866
456 35.0 -34.747 -6.094
468 35.0 -34.316 -6.289
480 35.0 -33.657 -6.607
492 35.0 -33.064 -6.827
504 35.0 -32.376 -6.902
516 35.0 -31.928 -7.310
528 35.0 -31.548 -7.341
540 35.0 -31.060 -7.689
552 35.0 -30.641 -7.990
564 35.0 -30.111 -8.146
384 8.0 -32.110 13.192
396 8.0 -32.580 12.637
408 8.0 -32.809 12.193
420 8.0 -32.954 11.391
432 8.0 -33.214 10.824
444 8.0 -33.250 10.326
456 8.0 -33.454 9.843
468 8.0 -33.573 9.456
480 8.0 -33.670 8.779
492 8.0 -34.024 8.223
504 8.0 -34.030 7.693
516 8.0 -34.160 7.106
528 8.0 -34.381 6.606
540 8.0 -34.766 6.182
552 8.0 -34.823 5.726
564 8.0 -34.811 5.301
576 8.0 -34.883 4.850
588 8.0 -34.812 4.403
600 8.0 -35.301 3.875
612 8.0 -35.850 3.496
420 39.0 -44.226 0.474
432 39.0 -43.280 0.603
444 39.0 -42.683 0.805
456 39.0 -42.026 0.875
468 39.0 -41.536 0.922
480 39.0 -40.809 1.185
492 39.0 -40.246 1.645
504 39.0 -40.152 1.883
516 39.0 -39.920 2.322
528 39.0 -39.794 2.749
540 39.0 -39.679 3.143
552 39.0 -39.567 3.445
564 39.0 -38.802 3.618
576 39.0 -38.346 4.396
588 39.0 -37.989 4.810
600 39.0 -37.722 5.337
612 39.0 -36.934 5.494
624 39.0 -36.827 5.882
636 39.0 -36.086 6.407
648 39.0 -35.734 6.766
480 47.0 -25.968 -10.485
492 47.0 -25.435 -10.599
504 47.0 -25.094 -10.483
516 47.0 -24.957 -10.427
528 47.0 -24.629 -10.281
540 47.0 -24.440 -10.321
552 47.0 -24.205 -10.245
564 47.0 -23.676 -10.236
576 47.0 -23.264 -10.135
588 47.0 -22.844 -10.394
600 47.0 -22.288 -10.312
612 47.0 -22.083 -10.543
624 47.0 -21.112 -10.813
636 47.0 -20.720 -10.698
648 47.0 -20.242 -10.995
660 47.0 -19.758 -11.123
672 47.0 -19.022 -11.244
684 47.0 -18.980 -11.270
696 47.0 -18.296 -11.167
708 47.0 -18.292 -11.490
480 20.0 -37.599 -5.768
492 20.0 -37.564 -6.219
504 20.0 -37.263 -6.863
516 20.0 -37.338 -7.319
528 20.0 -36.987 -7.947
540 20.0 -37.058 -8.456
552 20.0 -36.670 -8.871
564 20.0 -36.496 -9.612
576 20.0 -36.380 -9.930
588 20.0 -35.984 -10.609
600 20.0 -35.796 -11.179
612 20.0 -35.521 -11.625
624 20.0 -35.358 -12.188
636 20.0 -34.955 -12.672
648 20.0 -34.512 -13.057
660 20.0 -34.284 -13.382
672 20.0 -33.694 -14.065
684 20.0 -33.518 -14.401
696 20.0 -33.446 -14.978
708 20.0 -33.476 -15.269
480 23.0 -11.953 -14.889
492 23.0 -11.293 -15.130
504 23.0 -10.629 -15.160
516 23.0 -10.388 -15.328
528 23.0 -9.896 -15.424
540 23.0 -9.464 -15.570
552 23.0 -8.979 -15.715
564 23.0 -8.374 -15.704
576 23.0 -8.058 -15.897
588 23.0 -7.735 -16.080
600 23.0 -7.266 -16.376
612 23.0 -6.799 -16.341
624 23.0 -6.492 -16.319
636 23.0 -5.934 -16.639
648 23.0 -5.783 -16.800
660 23.0 -5.495 -17.054
672 23.0 -5.178 -17.065
684 23.0 -5.018 -17.180
696 23.0 -4.715 -17.240
708 23.0 -4.342 -17.428
576 36.0 -29.718 -8.396
588 36.0 -29.011 -8.599
600 36.0 -28.516 -8.937
612 36.0 -28.122 -9.129
624 36.0 -27.535 -9.355
636 36.0 -27.296 -9.705
648 36.0 -26.760 -9.852
660 36.0 -26.243 -10.093
672 36.0 -25.742 -10.260
684 36.0 -25.142 -10.353
696 36.0 -24.527 -10.514
708 36.0 -23.997 -10.585
720 36.0 -23.549 -10.748
732 36.0 -22.882 -10.743
744 36.0 -22.379 -10.931
756 36.0 -21.506 -10.963
768 36.0 -21.102 -11.054
780 36.0 -20.311 -11.157
792 36.0 -19.768 -11.366
804 36.0 -19.461 -11.451
624 9.0 -36.489 2.911
636 9.0 -36.703 2.488
648 9.0 -37.012 1.871
660 9.0 -37.447 1.318
672 9.0 -37.360 0.556
684 9.0 -37.351 0.034
696 9.0 -37.356 -0.594
708 9.0 -37.405 -1.130
720 9.0 -37.482 -1.886
732 9.0 -37.232 -2.439
744 9.0 -37.212 -2.768
756 9.0 -37.011 -3.321
768 9.0 -36.815 -3.711
780 9.0 -36.817 -4.261
792 9.0 -36.474 -4.744
804 9.0 -36.793 -5.171
816 9.0 -36.879 -5.824
828 9.0 -37.107 -6.589
840 9.0 -37.278 -6.990
852 9.0 -37.176 -7.686
660 40.0 -35.389 7.299
672 40.0 -34.873 7.692
684 40.0 -34.364 7.982
696 40.0 -33.961 8.517
708 40.0 -33.704 8.872
720 40.0 -33.282 9.105
732 40.0 -32.906 9.562
744 40.0 -32.427 9.914
756 40.0 -32.023 10.317
768 40.0 -31.792 10.484
780 40.0 -30.998 11.010
792 40.0 -30.549 11.024
804 40.0 -29.825 11.278
816 40.0 -29.382 11.833
828 40.0 -28.859 11.916
840 40.0 -28.353 12.340
852 40.0 -28.376 13.164
864 40.0 -27.742 13.274
876 40.0 -27.892 13.577
888 40.0 -27.649 14.374
720 48.0 -17.586 -11.699
732 48.0 -17.452 -11.873
744 48.0 -17.152 -12.091
756 48.0 -16.736 -12.065
768 48.0 -16.045 -12.217
780 48.0 -16.136 -12.176
792 48.0 -15.626 -12.034
804 48.0 -15.164 -12.213
816 48.0 -14.870 -12.048
828 48.0 -14.206 -11.946
840 48.0 -14.195 -12.151
852 48.0 -13.670 -12.179
864 48.0 -12.851 -12.063
876 48.0 -12.886 -12.346
888 48.0 -12.595 -12.302
900 48.0 -12.365 -12.055
912 48.0 -11.666 -11.869
924 48.0 -11.728 -11.897
936 48.0 -11.101 -12.065
948 48.0 -10.769 -11.546
792 34.0 -8.634 -0.867
804 34.0 -8.568 -1.637
816 34.0 -8.892 -2.309
828 34.0 -8.745 -2.794
840 34.0 -9.417 -3.328
852 34.0 -8.992 -3.556
864 34.0 -8.832 -4.483
876 34.0 -8.851 -5.826
888 34.0 -8.916 -6.355
900 34.0 -8.520 -7.216
912 34.0 -8.293 -7.741
924 34.0 -8.156 -8.502
936 34.0 -8.045 -8.826
948 34.0 -7.475 -9.798
960 34.0 -6.824 -10.668
972 34.0 -6.434 -11.452
984 34.0 -6.121 -11.942
996 34.0 -5.705 -13.252
1008 34.0 -5.183 -13.771
1020 34.0 -4.829 -14.507
816 37.0 -19.102 -11.717
828 37.0 -18.783 -12.028
840 37.0 -18.527 -12.343
852 37.0 -17.971 -12.466
864 37.0 -17.366 -12.556
876 37.0 -16.900 -12.668
888 37.0 -16.544 -12.596
900 37.0 -15.916 -12.901
912 37.0 -15.390 -12.933
924 37.0 -14.707 -13.045
936 37.0 -14.027 -13.238
948 37.0 -13.595 -13.455
960 37.0 -12.990 -13.550
972 37.0 -12.406 -13.724
984 37.0 -11.856 -13.836
996 37.0 -11.117 -14.083
1008 37.0 -10.797 -14.322
1020 37.0 -10.601 -14.545
1032 37.0 -10.090 -14.633
1044 37.0 -9.596 -14.858
864 10.0 -36.906 -8.049
876 10.0 -36.837 -8.602
888 10.0 -36.627 -9.030
900 10.0 -36.660 -9.634
912 10.0 -36.215 -10.150
924 10.0 -36.197 -10.818
936 10.0 -35.972 -11.312
948 10.0 -35.888 -11.762
960 10.0 -35.862 -12.321
972 10.0 -35.513 -12.833
984 10.0 -35.619 -13.270
996 10.0 -35.245 -13.790
1008 10.0 -35.210 -14.462
1020 10.0 -35.150 -15.216
1032 10.0 -35.071 -15.482
1044 10.0 -34.646 -16.005
1056 10.0 -34.486 -16.661
1068 10.0 -34.357 -16.920
1080 10.0 -34.166 -17.602
1092 10.0 -34.040 -18.284
900 41.0 -27.195 14.749
912 41.0 -26.924 15.184
924 41.0 -26.717 15.666
936 41.0 -26.359 15.820
948 41.0 -26.244 16.496
960 41.0 -25.906 17.126
972 41.0 -25.475 17.258
984 41.0 -24.977 17.696
996 41.0 -24.557 18.199
1008 41.0 -23.995 18.562
1020 41.0 -23.581 18.721
1032 41.0 -23.207 19.115
1044 41.0 -22.741 19.340
1056 41.0 -22.190 19.811
1068 41.0 -22.041 19.992
1080 41.0 -21.881 20.352
1092 41.0 -21.230 20.784
1104 41.0 -20.814 21.176
1116 41.0 -20.818 21.563
1128 41.0 -20.920 22.145
960 49.0 -10.418 -11.554
972 49.0 -10.136 -11.727
984 49.0 -9.774 -11.534
996 49.0 -9.347 -11.464
1008 49.0 -8.926 -11.239
1020 49.0 -8.622 -11.295
1032 49.0 -8.195 -11.358
1044 49.0 -7.849 -11.250
1056 49.0 -7.512 -11.151
1068 49.0 -7.236 -10.999
1080 49.0 -6.827 -10.972
1092 49.0 -6.470 -11.075
1104 49.0 -6.093 -10.983
1116 49.0 -5.701 -10.946
1128 49.0 -5.413 -10.787
1140 49.0 -4.977 -10.628
1152 49.0 -4.768 -10.636
1164 49.0 -4.414 -10.581
1176 49.0 -3.923 -10.434
1188 49.0 -3.714 -10.496
996 15.0 -15.999 -15.415
1008 15.0 -15.637 -16.047
1020 15.0 -16.050 -16.161
1032 15.0 -15.945 -16.218
1044 15.0 -16.057 -16.504
1056 15.0 -16.045 -16.609
1068 15.0 -16.232 -16.538
1080 15.0 -16.097 -16.424
1092 15.0 -16.114 -16.647
1104 15.0 -16.052 -16.680
1116 15.0 -15.949 -16.798
1128 15.0 -15.951 -16.651
1140 15.0 -16.237 -16.744
1152 15.0 -16.186 -16.625
1164 15.0 -16.189 -16.562
1176 15.0 -16.023 -16.470
1188 15.0 -15.796 -16.711
1200 15.0 -16.218 -16.667
1212 15.0 -15.985 -16.309
1224 15.0 -16.030 -16.464
1044 13.0 -41.645 -8.753
1056 13.0 -41.345 -8.911
1068 13.0 -41.025 -9.047
1080 13.0 -40.374 -9.300
1092 13.0 -39.850 -9.597
1104 13.0 -39.463 -9.494
1116 13.0 -38.909 -9.816
1128 13.0 -38.479 -10.059
1140 13.0 -38.439 -10.691
1152 13.0 -38.198 -10.900
1164 13.0 -37.909 -11.175
1176 13.0 -37.446 -11.419
1188 13.0 -37.153 -11.788
1200 13.0 -36.917 -12.201
1212 13.0 -36.522 -12.729
1224 13.0 -36.395 -12.646
1236 13.0 -36.005 -12.967
1248 13.0 -35.793 -13.435
1260 13.0 -35.673 -13.927
1272 13.0 -35.230 -14.014
1044 42.0 -42.297 -9.695
1056 42.0 -41.870 -9.901
1068 42.0 -41.273 -10.135
1080 42.0 -40.986 -10.302
1092 42.0 -40.875 -10.385
1104 42.0 -40.201 -10.763
1116 42.0 -39.940 -11.016
1128 42.0 -39.608 -11.297
1140 42.0 -39.376 -11.454
1152 42.0 -39.244 -11.858
1164 42.0 -38.860 -12.077
1176 42.0 -38.642 -12.468
1188 42.0 -38.431 -12.616
1200 42.0 -38.205 -13.072
1212 42.0 -37.966 -13.440
1224 42.0 -37.840 -13.680
1236 42.0 -37.744 -13.978
1248 42.0 -37.601 -14.370
1260 42.0 -37.365 -14.706
1272 42.0 -36.960 -15.033
1104 11.0 -33.793 -18.356
1116 11.0 -33.416 -19.099
1128 11.0 -33.232 -19.688
1140 11.0 -32.993 -19.661
1152 11.0 -32.578 -20.440
1164 11.0 -32.449 -21.108
1176 11.0 -32.444 -22.233
1188 11.0 -31.989 -22.565
1200 11.0 -31.585 -22.667
1212 11.0 -31.412 -22.959
1224 11.0 -31.270 -22.856
1236 11.0 -31.231 -23.330
1248 11.0 -31.247 -23.167
1260 11.0 -31.081 -23.171
1272 11.0 -31.182 -22.994
1284 11.0 -31.108 -23.357
1296 11.0 -31.313 -23.419
1308 11.0 -31.227 -23.327
1320 11.0 -31.502 -23.417
1332 11.0 -31.237 -23.296
1200 50.0 -3.303 -10.454
1212 50.0 -3.184 -10.320
1224 50.0 -2.600 -10.037
1236 50.0 -2.026 -10.323
1248 50.0 -1.555 -10.169
1260 50.0 -0.959 -10.059
1272 50.0 -1.035 -10.108
1284 50.0 -0.270 -10.161
1296 50.0 -0.032 -9.815
1308 50.0 0.454 -10.186
1320 50.0 0.953 -10.025
1332 50.0 1.241 -10.211
1344 50.0 1.673 -9.691
1356 50.0 2.282 -9.884
1368 50.0 2.435 -9.738
1380 50.0 2.974 -9.761
1392 50.0 3.330 -9.808
1404 50.0 3.847 -10.006
1416 50.0 4.123 -9.749
1428 50.0 4.266 -9.843
1236 16.0 -15.742 -16.571
1248 16.0 -16.099 -16.506
1260 16.0 -16.016 -16.542
1272 16.0 -16.030 -16.648
1284 16.0 -15.711 -16.586
1296 16.0 -15.841 -16.611
1308 16.0 -15.616 -16.458
1320 16.0 -15.697 -16.415
1332 16.0 -15.693 -16.532
1344 16.0 -15.822 -16.603
1356 16.0 -15.794 -16.541
1368 16.0 -15.859 -16.448
1380 16.0 -15.769 -16.643
1392 16.0 -15.721 -16.486
1404 16.0 -15.826 -16.380
1416 16.0 -15.764 -16.458
1428 16.0 -15.717 -16.191
1440 16.0 -15.232 -16.227
1452 16.0 -15.122 -15.901
1464 16.0 -14.895 -16.057
1284 14.0 -34.862 -14.391
1296 14.0 -34.315 -14.500
1308 14.0 -34.191 -14.804
1320 14.0 -33.868 -15.297
1332 14.0 -33.493 -15.757
1344 14.0 -33.531 -15.935
1356 14.0 -33.150 -16.205
1368 14.0 -32.998 -16.555
1380 14.0 -32.709 -16.883
1392 14.0 -32.480 -17.503
1404 14.0 -32.155 -17.705
1416 14.0 -32.018 -18.132
1428 14.0 -31.728 -18.667
1440 14.0 -31.851 -18.732
1452 14.0 -31.297 -19.333
1464 14.0 -31.149 -19.706
1476 14.0 -30.907 -20.341
1488 14.0 -30.657 -20.593
1500 14.0 -30.604 -21.086
1512 14.0 -31.155 -21.375
1284 43.0 -36.549 -15.476
1296 43.0 -36.270 -15.474
1308 43.0 -36.093 -15.995
1320 43.0 -35.554 -16.143
1332 43.0 -35.299 -16.480
1344 43.0 -35.101 -16.740
1356 43.0 -35.175 -17.317
1368 43.0 -34.840 -17.706
1380 43.0 -34.679 -17.787
1392 43.0 -34.422 -18.412
1404 43.0 -34.268 -18.739
1416 43.0 -34.006 -18.967
1428 43.0 -33.668 -19.431
1440 43.0 -33.287 -19.856
1452 43.0 -33.263 -20.160
1464 43.0 -32.973 -20.597
1476 43.0 -32.758 -20.853
1488 43.0 -32.637 -21.251
1500 43.0 -32.416 -21.557
1512 43.0 -32.203 -21.793
1344 12.0 -31.056 -23.175
1356 12.0 -31.118 -23.273
1368 12.0 -31.168 -23.228
1380 12.0 -31.032 -23.307
1392 12.0 -31.031 -23.522
1404 12.0 -30.989 -23.367
1416 12.0 -30.983 -23.219
1428 12.0 -31.094 -23.270
1440 12.0 -31.058 -23.343
1452 12.0 -30.967 -23.509
1464 12.0 -31.117 -23.446
1476 12.0 -30.923 -23.460
1488 12.0 -30.932 -23.527
1500 12.0 -30.852 -23.528
1512 12.0 -30.859 -23.484
1524 12.0 -30.970 -23.572
1536 12.0 -30.839 -23.483
1548 12.0 -30.766 -23.448
1560 12.0 -30.981 -23.749
1572 12.0 -31.021 -23.364
1440 51.0 5.330 -9.904
1452 51.0 5.407 -9.319
1464 51.0 5.858 -9.618
1476 51.0 5.988 -9.513
1488 51.0 6.422 -9.387
1500 51.0 6.613 -9.544
1512 51.0 7.017 -9.530
1524 51.0 7.551 -9.714
1536 51.0 8.138 -9.660
1548 51.0 8.532 -9.617
1560 51.0 8.614 -9.648
1572 51.0 9.217 -9.532
1584 51.0 9.650 -9.336
1596 51.0 9.771 -9.372
1608 51.0 10.310 -9.548
1620 51.0 10.415 -9.793
1632 51.0 11.094 -9.601
1644 51.0 11.438 -9.612
1656 51.0 11.614 -9.635
1668 51.0 11.999 -9.772
1476 17.0 -14.689 -15.689
1488 17.0 -14.255 -15.780
1500 17.0 -13.998 -15.637
1512 17.0 -13.401 -15.463
1524 17.0 -12.866 -15.336
1536 17.0 -12.209 -15.453
1548 17.0 -11.401 -15.424
1560 17.0 -10.719 -15.324
1572 17.0 -10.343 -15.173
1584 17.0 -9.425 -15.259
1596 17.0 -9.321 -15.495
1608 17.0 -8.149 -15.757
1620 17.0 -7.629 -16.254
1632 17.0 -7.222 -16.580
1644 17.0 -6.523 -17.029
1656 17.0 -6.058 -17.010
1668 17.0 -5.536 -17.564
1680 17.0 -5.359 -17.956
1692 17.0 -4.636 -18.446
1704 17.0 -4.559 -18.559
