0 7.0 7.055 -6.360
12 7.0 6.899 -6.040
24 7.0 6.707 -5.974
36 7.0 6.515 -5.961
48 7.0 6.327 -5.659
60 7.0 6.062 -5.622
72 7.0 5.930 -5.432
84 7.0 5.771 -5.320
96 7.0 5.407 -5.062
108 7.0 5.213 -4.945
120 7.0 4.834 -4.789
132 7.0 4.706 -4.661
144 7.0 4.437 -4.439
156 7.0 4.543 -4.501
168 7.0 4.633 -4.592
180 7.0 4.674 -4.600
192 7.0 4.666 -4.578
204 7.0 4.786 -4.640
216 7.0 4.720 -4.569
228 7.0 4.761 -4.698
0 55.0 -6.322 3.152
12 55.0 -6.536 3.359
24 55.0 -6.492 3.151
36 55.0 -6.613 3.402
48 55.0 -6.581 3.251
60 55.0 -6.294 3.180
72 55.0 -6.332 3.142
84 55.0 -6.284 3.158
96 55.0 -5.893 3.224
108 55.0 -6.264 3.152
120 55.0 -6.339 3.229
132 55.0 -6.276 3.138
144 55.0 -6.333 3.015
156 55.0 -6.406 3.250
168 55.0 -6.236 3.029
180 55.0 -6.145 3.167
192 55.0 -6.357 3.042
204 55.0 -6.223 3.012
216 55.0 -6.264 3.291
228 55.0 -6.277 3.142
0 68.0 -6.405 2.101
12 68.0 -6.257 2.122
24 68.0 -6.618 1.987
36 68.0 -6.418 2.057
48 68.0 -6.470 2.111
60 68.0 -6.204 2.170
72 68.0 -6.215 2.129
84 68.0 -6.336 1.976
96 68.0 -6.325 2.024
108 68.0 -6.227 2.148
120 68.0 -6.296 1.973
132 68.0 -6.246 2.095
144 68.0 -6.265 2.024
156 68.0 -6.172 2.215
168 68.0 -6.506 1.934
180 68.0 -6.401 2.152
192 68.0 -6.475 2.122
204 68.0 -6.135 2.024
216 68.0 -6.146 1.977
228 68.0 -6.179 1.925
96 60.0 -3.574 3.564
108 60.0 -3.599 3.519
120 60.0 -4.055 3.827
132 60.0 -4.835 3.369
144 60.0 -4.905 3.453
156 60.0 -4.954 3.109
168 60.0 -4.902 2.938
180 60.0 -5.552 3.104
192 60.0 -5.439 2.636
204 60.0 -5.808 2.646
216 60.0 -5.956 2.712
228 60.0 -6.060 2.696
240 60.0 -5.972 2.475
252 60.0 -6.009 2.774
264 60.0 -6.056 2.646
276 60.0 -5.778 2.706
288 60.0 -6.174 2.287
300 60.0 -5.956 2.639
312 60.0 -6.081 2.365
324 60.0 -5.720 2.544
240 8.0 4.823 -4.775
252 8.0 4.841 -4.603
264 8.0 4.856 -4.807
276 8.0 4.843 -4.815
288 8.0 4.949 -4.672
300 8.0 5.016 -4.907
312 8.0 5.081 -4.806
324 8.0 5.031 -4.939
336 8.0 4.918 -4.917
348 8.0 4.850 -4.746
360 8.0 5.140 -4.684
372 8.0 5.048 -4.963
384 8.0 5.200 -4.923
396 8.0 5.084 -5.003
408 8.0 5.198 -5.083
420 8.0 5.397 -4.988
432 8.0 5.322 -5.110
444 8.0 5.383 -5.134
456 8.0 5.263 -5.202
468 8.0 5.338 -5.074
240 56.0 -6.214 3.151
252 56.0 -6.559 3.112
264 56.0 -6.444 3.283
276 56.0 -6.482 3.094
288 56.0 -6.226 3.233
300 56.0 -6.199 3.032
312 56.0 -6.331 3.062
324 56.0 -6.442 2.990
336 56.0 -6.217 3.161
348 56.0 -6.327 3.025
360 56.0 -6.148 3.336
372 56.0 -6.201 3.115
384 56.0 -6.128 2.989
396 56.0 -6.009 3.089
408 56.0 -6.069 3.130
420 56.0 -6.112 2.975
432 56.0 -5.823 3.078
444 56.0 -5.983 2.970
456 56.0 -6.137 2.960
468 56.0 -5.872 3.068
240 69.0 -6.275 2.242
252 69.0 -6.304 2.009
264 69.0 -6.188 2.213
276 69.0 -6.388 2.145
288 69.0 -6.351 2.087
300 69.0 -6.331 2.101
312 69.0 -6.318 2.122
324 69.0 -6.241 2.128
336 69.0 -6.367 2.183
348 69.0 -6.286 2.173
360 69.0 -6.421 1.956
372 69.0 -6.373 2.109
384 69.0 -6.277 2.317
396 69.0 -6.174 2.002
408 69.0 -6.238 2.026
420 69.0 -6.263 2.113
432 69.0 -6.216 2.192
444 69.0 -6.393 2.115
456 69.0 -6.326 2.178
468 69.0 -6.285 2.156
336 61.0 -5.665 2.536
348 61.0 -6.003 2.590
360 61.0 -5.801 2.879
372 61.0 -5.878 2.601
384 61.0 -6.003 2.458
396 61.0 -5.957 2.472
408 61.0 -5.748 2.583
420 61.0 -5.779 2.749
432 61.0 -5.913 2.513
444 61.0 -5.814 2.520
456 61.0 -5.849 2.593
468 61.0 -5.736 2.595
480 61.0 -5.621 2.623
492 61.0 -5.577 2.845
504 61.0 -5.669 2.883
516 61.0 -5.895 3.052
528 61.0 -6.005 2.960
540 61.0 -5.989 2.965
552 61.0 -5.633 3.085
564 61.0 -5.978 2.702
480 57.0 -6.180 3.099
492 57.0 -6.023 2.997
504 57.0 -5.955 2.888
516 57.0 -5.956 3.004
528 57.0 -5.983 2.928
540 57.0 -6.152 3.084
552 57.0 -5.987 2.700
564 57.0 -6.209 2.625
576 57.0 -6.034 3.136
588 57.0 -5.924 2.999
600 57.0 -6.324 3.140
612 57.0 -6.222 2.855
624 57.0 -6.424 2.836
636 57.0 -6.112 2.993
648 57.0 -6.005 2.797
660 57.0 -6.228 2.882
672 57.0 -6.088 2.914
684 57.0 -6.048 2.833
696 57.0 -6.016 2.917
708 57.0 -6.101 2.873
480 70.0 -6.325 1.941
492 70.0 -6.363 2.072
504 70.0 -6.478 2.184
516 70.0 -6.241 2.178
528 70.0 -6.349 1.956
540 70.0 -6.332 2.094
552 70.0 -6.397 2.114
564 70.0 -6.230 2.132
576 70.0 -6.208 1.966
588 70.0 -6.416 2.201
600 70.0 -6.304 2.117
612 70.0 -6.324 2.159
624 70.0 -6.360 2.040
636 70.0 -6.236 2.059
648 70.0 -6.347 2.190
660 70.0 -6.183 2.024
672 70.0 -6.323 2.073
684 70.0 -6.338 2.150
696 70.0 -6.325 2.177
708 70.0 -6.222 2.055
576 62.0 -5.891 3.059
588 62.0 -6.160 2.969
600 62.0 -5.910 3.040
612 62.0 -5.805 3.004
624 62.0 -5.886 2.954
636 62.0 -6.207 2.802
648 62.0 -5.914 2.927
660 62.0 -6.108 3.068
672 62.0 -5.949 3.279
684 62.0 -5.988 2.956
696 62.0 -6.239 3.029
708 62.0 -6.134 2.746
720 62.0 -6.175 2.969
732 62.0 -6.272 2.992
744 62.0 -5.952 3.140
756 62.0 -6.144 2.917
768 62.0 -6.144 2.950
780 62.0 -6.240 2.945
792 62.0 -6.193 2.903
804 62.0 -6.226 3.090
720 58.0 -6.151 2.977
732 58.0 -6.104 2.922
744 58.0 -6.006 3.162
756 58.0 -5.917 3.092
768 58.0 -6.122 3.206
780 58.0 -5.997 3.048
792 58.0 -6.001 3.125
804 58.0 -5.946 2.943
816 58.0 -6.121 2.991
828 58.0 -5.946 3.064
840 58.0 -6.158 3.062
852 58.0 -6.189 3.150
864 58.0 -6.152 3.146
876 58.0 -6.172 3.182
888 58.0 -5.679 2.943
900 58.0 -5.663 3.248
912 58.0 -5.372 3.085
924 58.0 -5.232 3.048
936 58.0 -4.996 3.664
948 58.0 -4.783 3.659
720 71.0 -6.233 2.334
732 71.0 -6.179 2.142
744 71.0 -6.249 2.111
756 71.0 -6.248 2.241
768 71.0 -6.201 2.213
780 71.0 -6.372 2.237
792 71.0 -6.353 2.162
804 71.0 -6.338 2.143
816 71.0 -6.173 2.209
828 71.0 -6.178 1.977
840 71.0 -6.271 2.154
852 71.0 -6.382 2.239
864 71.0 -6.375 2.189
876 71.0 -6.319 2.184
888 71.0 -6.268 2.204
900 71.0 -6.246 2.176
912 71.0 -6.097 2.138
924 71.0 -6.291 2.205
936 71.0 -6.197 2.299
948 71.0 -6.356 2.227
816 63.0 -6.462 2.995
828 63.0 -6.395 2.942
840 63.0 -6.352 3.044
852 63.0 -6.369 3.073
864 63.0 -6.322 3.106
876 63.0 -6.462 2.959
888 63.0 -6.382 3.023
900 63.0 -6.201 3.084
912 63.0 -6.501 3.021
924 63.0 -6.462 2.961
936 63.0 -6.374 2.807
948 63.0 -6.457 3.035
960 63.0 -6.321 3.065
972 63.0 -6.572 2.834
984 63.0 -6.501 3.037
996 63.0 -6.526 3.141
1008 63.0 -6.657 3.066
1020 63.0 -6.518 3.005
1032 63.0 -6.586 3.134
1044 63.0 -6.531 3.025
852 59.0 -9.628 23.561
864 59.0 -9.774 23.299
876 59.0 -9.805 22.828
888 59.0 -10.100 22.522
900 59.0 -10.296 22.165
912 59.0 -10.573 21.764
924 59.0 -10.619 21.361
936 59.0 -10.988 21.154
948 59.0 -11.016 20.828
960 59.0 -11.210 20.563
972 59.0 -11.437 20.157
984 59.0 -11.647 19.782
996 59.0 -11.909 19.280
1008 59.0 -12.270 19.215
1020 59.0 -12.432 18.955
1032 59.0 -12.649 18.747
1044 59.0 -12.825 18.345
1056 59.0 -13.203 17.889
1068 59.0 -13.245 17.705
1080 59.0 -13.360 17.426
960 72.0 -6.304 2.099
972 72.0 -6.246 2.183
984 72.0 -6.350 2.187
996 72.0 -6.400 2.157
1008 72.0 -6.179 2.184
1020 72.0 -6.328 2.272
1032 72.0 -6.221 2.216
1044 72.0 -6.305 2.157
1056 72.0 -6.200 2.144
1068 72.0 -6.132 2.181
1080 72.0 -6.124 2.358
1092 72.0 -6.227 2.240
1104 72.0 -6.095 2.146
1116 72.0 -6.126 2.297
1128 72.0 -5.981 2.222
1140 72.0 -6.112 2.236
1152 72.0 -6.082 2.258
1164 72.0 -6.050 2.319
1176 72.0 -6.085 2.436
1188 72.0 -5.973 2.369
996 53.0 -7.129 3.450
1008 53.0 -6.711 3.423
1020 53.0 -6.632 3.199
1032 53.0 -6.713 3.535
1044 53.0 -6.767 3.257
1056 53.0 -6.674 3.374
1068 53.0 -6.607 3.339
1080 53.0 -6.706 3.276
1092 53.0 -6.767 3.110
1104 53.0 -6.909 3.157
1116 53.0 -6.773 3.198
1128 53.0 -6.815 3.214
1140 53.0 -6.863 3.110
1152 53.0 -6.844 3.278
1164 53.0 -6.671 3.022
1176 53.0 -6.698 3.276
1188 53.0 -6.640 3.210
1200 53.0 -6.786 3.170
1212 53.0 -6.630 3.182
1224 53.0 -6.804 3.075
1056 64.0 -6.457 2.895
1068 64.0 -6.418 3.073
1080 64.0 -6.396 2.987
1092 64.0 -6.457 2.979
1104 64.0 -6.399 2.992
1116 64.0 -6.407 2.980
1128 64.0 -6.448 2.977
1140 64.0 -6.406 2.978
1152 64.0 -6.451 2.898
1164 64.0 -6.454 2.819
1176 64.0 -6.478 2.957
1188 64.0 -6.322 2.894
1200 64.0 -6.162 2.846
1212 64.0 -6.217 2.711
1224 64.0 -6.407 2.823
1236 64.0 -6.349 2.844
1248 64.0 -6.161 2.857
1260 64.0 -6.435 2.817
1272 64.0 -6.259 2.886
1284 64.0 -6.230 2.696
1200 73.0 -6.045 2.319
1212 73.0 -6.065 2.341
1224 73.0 -6.074 2.332
1236 73.0 -5.951 2.324
1248 73.0 -5.994 2.340
1260 73.0 -6.015 2.297
1272 73.0 -5.883 2.325
1284 73.0 -5.940 2.341
1296 73.0 -5.973 2.438
1308 73.0 -5.988 2.346
1320 73.0 -5.770 2.448
1332 73.0 -5.721 2.633
1344 73.0 -5.555 2.741
1356 73.0 -5.369 2.840
1368 73.0 -5.252 2.933
1380 73.0 -4.966 3.145
1392 73.0 -5.076 3.637
1404 73.0 -5.104 3.703
1416 73.0 -5.052 3.787
1428 73.0 -5.038 3.975
1236 54.0 -6.622 3.287
1248 54.0 -6.537 3.154
1260 54.0 -6.568 3.247
1272 54.0 -6.821 3.072
1284 54.0 -6.487 3.214
1296 54.0 -6.672 3.250
1308 54.0 -6.367 3.442
1320 54.0 -6.326 3.554
1332 54.0 -6.497 3.423
1344 54.0 -6.633 3.057
1356 54.0 -6.508 3.394
1368 54.0 -6.461 3.227
1380 54.0 -6.277 2.913
1392 54.0 -6.135 3.333
1404 54.0 -6.117 2.929
1416 54.0 -5.698 3.375
1428 54.0 -5.401 3.324
1440 54.0 -5.113 3.620
1452 54.0 -5.233 3.569
1464 54.0 -5.082 3.702
1296 65.0 -6.238 2.749
1308 65.0 -6.181 2.656
1320 65.0 -6.115 2.744
1332 65.0 -6.136 2.781
1344 65.0 -6.136 2.732
1356 65.0 -6.079 2.689
1368 65.0 -6.129 2.627
1380 65.0 -6.167 2.735
1392 65.0 -5.938 2.612
1404 65.0 -5.668 2.758
1416 65.0 -5.628 2.693
1428 65.0 -5.397 2.804
1440 65.0 -5.294 2.871
1452 65.0 -5.087 2.902
1464 65.0 -5.329 2.869
1476 65.0 -5.391 3.142
1488 65.0 -5.433 3.244
1500 65.0 -5.664 3.399
1512 65.0 -5.882 3.675
1524 65.0 -5.921 3.941
1440 74.0 -4.930 3.919
1452 74.0 -4.761 4.147
1464 74.0 -4.777 4.387
1476 74.0 -4.685 4.523
1488 74.0 -4.757 4.226
1500 74.0 -4.909 4.311
1512 74.0 -4.584 4.139
1524 74.0 -4.832 4.552
1536 74.0 -4.809 4.539
1548 74.0 -4.494 4.280
1560 74.0 -4.490 4.433
1572 74.0 -4.676 4.658
1584 74.0 -4.765 4.287
1596 74.0 -4.882 4.653
1608 74.0 -4.766 4.422
1620 74.0 -4.888 4.482
1632 74.0 -4.873 4.369
1644 74.0 -4.679 4.553
1656 74.0 -4.902 4.164
1668 74.0 -4.891 4.480
1680 28.0 -6.667 18.229
1692 28.0 -6.547 18.252
1704 28.0 -6.965 18.469
1716 28.0 -7.129 18.579
1728 28.0 -7.444 18.488
1740 28.0 -7.753 18.635
1752 28.0 -7.894 18.677
1764 28.0 -8.615 18.439
1776 28.0 -8.858 18.218
1788 28.0 -9.339 18.120
1800 28.0 -9.791 17.972
1812 28.0 -9.945 17.795
1824 28.0 -10.272 17.823
1836 28.0 -10.447 17.308
1848 28.0 -10.767 17.094
1860 28.0 -11.003 16.583
1872 28.0 -11.250 16.394
1884 28.0 -11.425 16.175
1896 28.0 -11.729 15.665
1908 28.0 -11.739 15.286
1680 75.0 -4.942 4.580
1692 75.0 -4.860 4.580
1704 75.0 -4.831 4.445
1716 75.0 -4.798 4.479
1728 75.0 -4.708 4.518
1740 75.0 -4.796 4.533
1752 75.0 -4.980 4.469
1764 75.0 -4.911 4.419
1776 75.0 -4.868 4.439
1788 75.0 -4.821 4.395
1800 75.0 -4.766 4.400
1812 75.0 -4.822 4.453
1824 75.0 -4.814 4.584
1836 75.0 -4.884 4.586
1848 75.0 -4.822 4.522
1860 75.0 -4.900 4.548
1872 75.0 -4.850 4.386
1884 75.0 -4.964 4.571
1896 75.0 -4.918 4.511
1908 75.0 -4.911 4.408
1920 29.0 -11.958 14.878
1932 29.0 -12.055 14.104
1944 29.0 -12.206 13.376
1956 29.0 -12.256 13.296
1968 29.0 -12.218 13.282
1980 29.0 -12.379 12.905
1992 29.0 -12.381 12.507
2004 29.0 -12.526 12.143
2016 29.0 -12.636 11.827
2028 29.0 -12.876 11.476
2040 29.0 -13.214 10.820
2052 29.0 -13.419 10.770
2064 29.0 -13.347 10.502
2076 29.0 -13.440 10.136
2088 29.0 -13.482 9.559
2100 29.0 -14.020 9.397
2112 29.0 -14.056 9.090
2124 29.0 -14.278 8.496
2136 29.0 -14.323 8.573
2148 29.0 -14.436 8.270
1920 76.0 -4.812 4.470
1932 76.0 -4.745 4.526
1944 76.0 -4.719 4.428
1956 76.0 -4.901 4.515
1968 76.0 -4.932 4.475
1980 76.0 -4.778 4.527
1992 76.0 -4.811 4.428
2004 76.0 -4.934 4.580
2016 76.0 -4.954 4.420
2028 76.0 -4.962 4.670
2040 76.0 -4.911 4.370
2052 76.0 -5.022 4.594
2064 76.0 -4.956 4.486
2076 76.0 -4.816 4.430
2088 76.0 -4.789 4.348
2100 76.0 -4.888 4.491
2112 76.0 -4.813 4.569
2124 76.0 -4.865 4.559
2136 76.0 -4.785 4.404
2148 76.0 -4.840 4.564
2004 66.0 -5.443 4.906
2016 66.0 -5.555 4.851
2028 66.0 -5.770 5.023
2040 66.0 -5.306 5.048
2052 66.0 -5.518 5.010
2064 66.0 -5.435 5.087
2076 66.0 -5.538 4.950
2088 66.0 -5.432 4.928
2100 66.0 -5.299 4.824
2112 66.0 -5.500 4.911
2124 66.0 -5.527 4.848
2136 66.0 -5.552 4.613
2148 66.0 -5.177 5.108
2160 66.0 -5.473 4.811
2172 66.0 -5.465 4.887
2184 66.0 -5.471 5.080
2196 66.0 -5.217 4.813
2208 66.0 -5.129 4.793
2220 66.0 -5.316 4.670
2232 66.0 -5.635 5.117
2160 30.0 -14.825 7.585
2172 30.0 -15.075 7.573
2184 30.0 -15.403 7.095
2196 30.0 -15.544 6.818
2208 30.0 -15.900 6.673
2220 30.0 -16.285 6.383
2232 30.0 -16.650 6.232
2244 30.0 -17.215 6.288
2256 30.0 -17.702 6.218
2268 30.0 -17.980 6.005
2280 30.0 -18.273 6.049
2292 30.0 -18.686 6.194
2304 30.0 -18.949 5.885
2316 30.0 -19.291 5.800
2328 30.0 -19.346 5.910
2340 30.0 -19.650 5.961
2352 30.0 -19.767 5.959
2364 30.0 -19.851 6.211
2376 30.0 -19.781 6.012
2388 30.0 -19.750 6.109
2160 77.0 -5.084 4.443
2172 77.0 -4.908 4.217
2184 77.0 -4.919 4.367
2196 77.0 -4.954 4.422
2208 77.0 -4.939 4.507
2220 77.0 -4.963 4.496
2232 77.0 -4.811 4.692
2244 77.0 -4.967 4.302
2256 77.0 -4.649 4.431
2268 77.0 -4.892 4.430
2280 77.0 -4.782 4.531
2292 77.0 -4.905 4.400
2304 77.0 -5.154 4.468
2316 77.0 -4.818 4.373
2328 77.0 -5.107 4.553
2340 77.0 -4.659 4.563
2352 77.0 -5.029 4.434
2364 77.0 -4.911 4.645
2376 77.0 -4.752 4.283
2388 77.0 -5.072 4.640
2244 67.0 -5.409 4.912
2256 67.0 -5.511 4.804
2268 67.0 -5.333 4.985
2280 67.0 -5.349 4.703
2292 67.0 -5.187 4.662
2304 67.0 -5.470 4.807
2316 67.0 -5.380 4.915
2328 67.0 -5.428 4.672
2340 67.0 -5.425 4.783
2352 67.0 -5.511 4.758
2364 67.0 -5.484 4.772
2376 67.0 -5.403 4.735
2388 67.0 -5.437 4.810
2400 67.0 -5.388 4.814
2412 67.0 -5.487 5.069
2424 67.0 -5.617 4.788
2436 67.0 -5.354 4.975
2448 67.0 -5.325 4.867
2460 67.0 -5.673 4.598
2472 67.0 -5.316 4.798
2256 9.0 -16.594 2.285
2268 9.0 -16.739 2.147
2280 9.0 -16.943 2.519
2292 9.0 -16.893 2.809
2304 9.0 -16.791 3.149
2316 9.0 -16.662 3.310
2328 9.0 -16.870 3.605
2340 9.0 -17.033 4.003
2352 9.0 -16.629 4.389
2364 9.0 -16.573 4.747
2376 9.0 -16.521 4.842
2388 9.0 -16.118 5.272
2400 9.0 -16.231 5.508
2412 9.0 -16.171 5.774
2424 9.0 -15.976 6.111
2436 9.0 -15.585 6.731
2448 9.0 -15.029 6.911
2460 9.0 -15.114 7.135
2472 9.0 -14.504 7.691
2484 9.0 -14.543 7.904
2400 31.0 -19.772 6.088
2412 31.0 -19.877 5.991
2424 31.0 -19.911 5.943
2436 31.0 -19.956 5.915
2448 31.0 -19.950 5.824
2460 31.0 -19.894 5.998
2472 31.0 -19.932 5.883
2484 31.0 -20.083 5.757
2496 31.0 -19.958 5.747
2508 31.0 -19.996 5.646
2520 31.0 -20.024 5.607
2532 31.0 -19.991 5.862
2544 31.0 -20.048 5.658
2556 31.0 -19.891 5.635
2568 31.0 -19.987 5.687
2580 31.0 -19.926 5.661
2592 31.0 -19.965 5.616
2604 31.0 -19.979 5.669
2616 31.0 -19.939 5.563
2628 31.0 -19.938 5.525
2496 10.0 -14.124 8.364
2508 10.0 -14.090 8.498
2520 10.0 -13.711 8.800
2532 10.0 -13.551 8.903
2544 10.0 -13.337 9.444
2556 10.0 -13.076 9.737
2568 10.0 -13.091 10.010
2580 10.0 -12.895 10.445
2592 10.0 -12.789 10.769
2604 10.0 -12.741 11.330
2616 10.0 -12.695 11.206
2628 10.0 -12.226 11.884
2640 10.0 -12.389 12.195
2652 10.0 -12.215 12.419
2664 10.0 -12.233 12.967
2676 10.0 -12.363 13.536
2688 10.0 -12.301 13.674
2700 10.0 -12.020 14.260
2712 10.0 -12.334 14.365
2724 10.0 -11.813 15.048
2640 32.0 -19.969 5.664
2652 32.0 -19.814 5.711
2664 32.0 -19.815 5.703
2676 32.0 -19.812 5.474
2688 32.0 -19.966 5.416
2700 32.0 -19.965 5.671
2712 32.0 -19.878 5.542
2724 32.0 -19.847 5.629
2736 32.0 -19.924 5.706
2748 32.0 -19.642 5.567
2760 32.0 -19.919 5.657
2772 32.0 -19.955 5.598
2784 32.0 -19.933 5.682
2796 32.0 -19.905 5.611
2808 32.0 -19.951 5.521
2820 32.0 -19.911 5.431
2832 32.0 -19.591 5.515
2844 32.0 -19.897 5.606
2856 32.0 -19.734 5.550
2868 32.0 -19.908 5.420
2736 11.0 -12.032 14.897
2748 11.0 -11.769 15.129
2760 11.0 -11.294 15.505
2772 11.0 -11.620 16.043
2784 11.0 -11.231 16.063
2796 11.0 -11.055 16.611
2808 11.0 -10.998 17.074
2820 11.0 -10.947 17.614
2832 11.0 -10.542 18.046
2844 11.0 -10.659 18.330
2856 11.0 -10.476 18.330
2868 11.0 -9.969 18.637
2880 11.0 -10.034 18.546
2892 11.0 -9.807 19.092
2904 11.0 -9.378 19.612
2916 11.0 -9.187 19.908
2928 11.0 -9.038 20.183
2940 11.0 -8.818 20.572
2952 11.0 -8.565 20.964
2964 11.0 -8.763 20.847
2880 33.0 -19.771 5.422
2892 33.0 -19.863 5.485
2904 33.0 -20.052 5.496
2916 33.0 -19.631 5.658
2928 33.0 -19.927 5.547
2940 33.0 -19.755 5.494
2952 33.0 -19.919 5.656
2964 33.0 -19.984 5.682
2976 33.0 -19.692 5.548
2988 33.0 -19.793 5.824
3000 33.0 -19.690 5.747
3012 33.0 -19.966 5.450
3024 33.0 -19.623 5.517
3036 33.0 -19.825 5.446
3048 33.0 -19.782 5.361
3060 33.0 -19.671 5.579
3072 33.0 -19.636 5.551
3084 33.0 -19.798 5.617
3096 33.0 -19.661 5.309
3108 33.0 -19.676 5.551
3000 15.0 -4.643 4.166
3012 15.0 -4.872 4.502
3024 15.0 -4.779 4.382
3036 15.0 -4.732 4.276
3048 15.0 -4.655 4.214
3060 15.0 -4.705 4.102
3072 15.0 -4.492 4.337
3084 15.0 -4.751 4.383
3096 15.0 -4.712 4.136
3108 15.0 -4.626 4.391
3120 15.0 -4.664 4.163
3132 15.0 -4.913 4.420
3144 15.0 -4.933 4.155
3156 15.0 -4.916 4.252
3168 15.0 -4.673 4.280
3180 15.0 -4.561 4.156
3192 15.0 -4.510 4.274
3204 15.0 -4.727 4.185
3216 15.0 -4.644 4.227
3228 15.0 -4.716 4.344
3120 34.0 -19.731 5.597
3132 34.0 -19.727 5.512
3144 34.0 -19.616 5.712
3156 34.0 -19.608 5.545
3168 34.0 -19.734 5.484
3180 34.0 -19.550 5.713
3192 34.0 -19.507 5.554
3204 34.0 -19.357 5.661
3216 34.0 -19.474 5.803
3228 34.0 -19.370 5.622
3240 34.0 -19.325 5.643
3252 34.0 -19.203 5.594
3264 34.0 -19.331 5.674
3276 34.0 -19.097 5.648
3288 34.0 -18.942 5.601
3300 34.0 -18.513 5.447
3312 34.0 -18.148 5.660
3324 34.0 -17.695 5.947
3336 34.0 -17.416 5.979
3348 34.0 -16.787 6.196
3240 16.0 -4.843 4.145
3252 16.0 -4.821 4.334
3264 16.0 -4.832 4.400
3276 16.0 -4.543 4.163
3288 16.0 -4.668 4.310
3300 16.0 -4.582 4.239
3312 16.0 -4.744 4.124
3324 16.0 -4.663 4.311
3336 16.0 -4.691 4.368
3348 16.0 -4.613 4.207
3360 16.0 -4.671 4.237
3372 16.0 -4.720 4.013
3384 16.0 -4.839 4.285
3396 16.0 -4.685 4.146
3408 16.0 -4.713 4.174
3420 16.0 -4.708 4.298
3432 16.0 -4.772 4.214
3444 16.0 -4.809 4.234
3456 16.0 -4.789 4.151
3468 16.0 -4.661 4.220
3360 35.0 -16.509 6.164
3372 35.0 -16.097 6.350
3384 35.0 -15.647 6.710
3396 35.0 -15.205 6.833
3408 35.0 -14.878 7.020
3420 35.0 -14.430 7.064
3432 35.0 -14.302 7.772
3444 35.0 -14.251 8.080
3456 35.0 -14.162 8.211
3468 35.0 -13.770 8.732
3480 35.0 -13.528 9.068
3492 35.0 -13.301 9.189
3504 35.0 -12.971 9.990
3516 35.0 -12.895 10.387
3528 35.0 -12.768 10.762
3540 35.0 -12.488 11.297
3552 35.0 -12.521 11.397
3564 35.0 -12.626 11.672
3576 35.0 -12.588 11.999
3588 35.0 -12.615 12.549
3480 17.0 -4.747 4.193
3492 17.0 -4.809 4.057
3504 17.0 -4.732 4.185
3516 17.0 -4.667 4.203
3528 17.0 -4.646 4.276
3540 17.0 -4.916 4.509
3552 17.0 -4.727 4.402
3564 17.0 -4.613 4.141
3576 17.0 -4.637 4.014
3588 17.0 -4.665 4.265
3600 17.0 -4.585 4.455
3612 17.0 -4.706 4.479
3624 17.0 -4.544 4.203
3636 17.0 -4.635 4.420
3648 17.0 -4.710 4.226
3660 17.0 -4.685 4.149
3672 17.0 -4.668 4.040
3684 17.0 -4.613 4.341
3696 17.0 -4.735 4.387
3708 17.0 -4.860 4.475
3576 26.0 -1.241 -6.822
3588 26.0 -1.204 -6.587
3600 26.0 -1.230 -7.086
3612 26.0 -1.212 -6.522
3624 26.0 -1.539 -5.828
3636 26.0 -1.560 -5.339
3648 26.0 -1.659 -5.270
3660 26.0 -1.716 -4.716
3672 26.0 -1.888 -4.392
3684 26.0 -2.064 -4.037
3696 26.0 -2.287 -3.850
3708 26.0 -2.561 -3.338
3720 26.0 -2.710 -3.083
3732 26.0 -2.753 -2.618
3744 26.0 -2.903 -2.392
3756 26.0 -2.883 -2.194
3768 26.0 -3.422 -1.662
3780 26.0 -3.784 -1.255
3792 26.0 -3.891 -1.074
3804 26.0 -4.210 -1.189
3600 36.0 -12.653 13.123
3612 36.0 -13.047 13.442
3624 36.0 -13.120 13.871
3636 36.0 -12.963 14.167
3648 36.0 -13.007 14.200
3660 36.0 -13.136 14.526
3672 36.0 -13.223 15.008
3684 36.0 -13.069 15.776
3696 36.0 -13.009 16.156
3708 36.0 -12.719 16.251
3720 36.0 -12.686 16.913
3732 36.0 -12.332 17.301
3744 36.0 -11.946 17.688
3756 36.0 -11.609 18.020
3768 36.0 -11.642 18.328
3780 36.0 -11.398 18.539
3792 36.0 -11.241 18.617
3804 36.0 -11.065 18.878
3816 36.0 -10.286 19.139
3828 36.0 -9.655 19.205
3696 38.0 -5.214 24.045
3708 38.0 -5.614 24.315
3720 38.0 -5.571 24.562
3732 38.0 -5.847 24.506
3744 38.0 -6.264 24.471
3756 38.0 -6.801 24.653
3768 38.0 -7.084 24.109
3780 38.0 -7.091 23.924
3792 38.0 -7.443 23.683
3804 38.0 -8.057 23.663
3816 38.0 -8.320 23.871
3828 38.0 -8.654 23.695
3840 38.0 -9.007 23.289
3852 38.0 -9.171 23.285
3864 38.0 -9.416 23.050
3876 38.0 -9.678 23.172
3888 38.0 -9.924 23.097
3900 38.0 -10.342 22.691
3912 38.0 -10.264 22.286
3924 38.0 -10.617 22.182
3720 18.0 -4.684 4.430
3732 18.0 -4.625 4.347
3744 18.0 -4.548 4.235
3756 18.0 -4.566 4.424
3768 18.0 -4.560 4.402
3780 18.0 -4.594 4.194
3792 18.0 -4.854 4.338
3804 18.0 -4.665 4.343
3816 18.0 -4.739 4.292
3828 18.0 -4.619 4.339
3840 18.0 -4.584 4.456
3852 18.0 -4.883 4.213
3864 18.0 -4.527 4.442
3876 18.0 -4.538 4.378
3888 18.0 -4.584 4.427
3900 18.0 -4.719 4.400
3912 18.0 -4.554 4.335
3924 18.0 -4.721 4.424
3936 18.0 -4.726 4.461
3948 18.0 -4.847 4.462
3816 27.0 -4.110 -0.534
3828 27.0 -4.071 -0.329
3840 27.0 -4.441 -0.203
3852 27.0 -4.500 0.321
3864 27.0 -4.996 0.606
3876 27.0 -4.987 1.141
3888 27.0 -5.282 1.304
3900 27.0 -5.446 1.612
3912 27.0 -5.582 2.051
3924 27.0 -5.892 2.480
3936 27.0 -6.015 2.537
3948 27.0 -6.182 2.919
3960 27.0 -6.329 3.280
3972 27.0 -6.633 3.633
3984 27.0 -6.917 3.792
3996 27.0 -6.913 4.293
4008 27.0 -6.963 4.428
4020 27.0 -6.900 4.774
4032 27.0 -7.151 5.217
4044 27.0 -7.583 5.353
3840 37.0 -9.394 19.207
3852 37.0 -9.288 19.050
3864 37.0 -8.884 18.872
3876 37.0 -8.608 18.709
3888 37.0 -8.205 18.810
3900 37.0 -7.845 18.673
3912 37.0 -7.452 18.591
3924 37.0 -7.220 18.480
3936 37.0 -6.900 18.388
3948 37.0 -6.703 18.265
3960 37.0 -6.622 18.127
3972 37.0 -6.505 18.024
3984 37.0 -6.422 18.117
3996 37.0 -6.341 18.129
4008 37.0 -6.429 18.046
4020 37.0 -6.583 17.985
4032 37.0 -6.444 18.124
4044 37.0 -6.622 18.040
4056 37.0 -6.477 18.017
4068 37.0 -6.584 18.026
3936 39.0 -10.791 21.793
3948 39.0 -10.993 21.631
3960 39.0 -11.035 21.239
3972 39.0 -11.407 21.078
3984 39.0 -11.405 20.900
3996 39.0 -11.678 20.622
4008 39.0 -11.652 20.175
4020 39.0 -11.744 19.926
4032 39.0 -11.864 19.667
4044 39.0 -11.970 19.291
4056 39.0 -12.128 19.046
4068 39.0 -12.252 19.001
4080 39.0 -12.496 18.699
4092 39.0 -12.498 18.277
4104 39.0 -12.825 18.005
4116 39.0 -12.961 17.633
4128 39.0 -12.880 17.471
4140 39.0 -13.023 17.148
4152 39.0 -13.275 16.871
4164 39.0 -13.354 16.588
5496 3.0 -4.822 4.545
5508 3.0 -4.675 4.330
5520 3.0 -4.707 4.468
5532 3.0 -4.734 4.425
5544 3.0 -4.782 4.530
5556 3.0 -4.723 4.377
5568 3.0 -4.693 4.382
5580 3.0 -4.670 4.323
5592 3.0 -4.722 4.390
5604 3.0 -4.469 4.543
5616 3.0 -4.616 4.530
5628 3.0 -4.648 4.373
5640 3.0 -4.694 4.557
5652 3.0 -4.785 4.297
5664 3.0 -4.647 4.338
5676 3.0 -4.895 4.336
5688 3.0 -4.805 4.519
5700 3.0 -4.690 4.413
5712 3.0 -4.587 4.438
5724 3.0 -5.006 4.446
5592 1.0 -14.927 14.137
5604 1.0 -14.848 14.561
5616 1.0 -14.535 14.521
5628 1.0 -14.056 15.041
5640 1.0 -13.955 15.052
5652 1.0 -13.588 15.492
5664 1.0 -13.117 15.977
5676 1.0 -12.706 16.359
5688 1.0 -12.589 16.555
5700 1.0 -12.216 16.767
5712 1.0 -12.155 17.186
5724 1.0 -11.892 17.446
5736 1.0 -11.384 17.731
5748 1.0 -10.989 17.991
5760 1.0 -10.634 17.917
5772 1.0 -10.292 17.975
5784 1.0 -9.843 18.197
5796 1.0 -9.662 18.314
5808 1.0 -9.291 18.349
5820 1.0 -9.115 18.409
5736 4.0 -4.840 4.394
5748 4.0 -4.719 4.515
5760 4.0 -4.682 4.415
5772 4.0 -4.695 4.435
5784 4.0 -4.750 4.385
5796 4.0 -4.849 4.431
5808 4.0 -4.719 4.385
5820 4.0 -4.796 4.482
5832 4.0 -4.756 4.408
5844 4.0 -4.708 4.415
5856 4.0 -4.835 4.430
5868 4.0 -4.664 4.416
5880 4.0 -4.791 4.499
5892 4.0 -4.811 4.480
5904 4.0 -4.733 4.509
5916 4.0 -4.661 4.404
5928 4.0 -4.744 4.467
5940 4.0 -4.758 4.360
5952 4.0 -4.767 4.454
5964 4.0 -4.778 4.425
5976 5.0 -4.748 4.419
5988 5.0 -4.743 4.465
6000 5.0 -4.804 4.529
6012 5.0 -4.601 4.526
6024 5.0 -4.730 4.484
6036 5.0 -4.657 4.509
6048 5.0 -4.651 4.495
6060 5.0 -4.611 4.377
6072 5.0 -4.690 4.486
6084 5.0 -4.576 4.464
6096 5.0 -4.651 4.374
6108 5.0 -4.654 4.505
6120 5.0 -4.750 4.418
6132 5.0 -4.681 4.513
6144 5.0 -4.730 4.307
6156 5.0 -4.690 4.419
6168 5.0 -4.729 4.460
6180 5.0 -4.663 4.346
6192 5.0 -4.750 4.519
6204 5.0 -4.629 4.451
6216 6.0 -4.685 4.336
6228 6.0 -4.694 4.304
6240 6.0 -4.686 4.442
6252 6.0 -4.609 4.321
6264 6.0 -4.724 4.328
6276 6.0 -4.537 4.162
6288 6.0 -4.842 4.311
6300 6.0 -4.470 4.344
6312 6.0 -4.562 4.398
6324 6.0 -4.663 4.429
6336 6.0 -4.789 4.403
6348 6.0 -4.569 4.246
6360 6.0 -4.696 4.645
6372 6.0 -4.717 4.604
6384 6.0 -4.811 4.321
6396 6.0 -4.536 4.303
6408 6.0 -4.711 4.484
6420 6.0 -4.790 4.236
6432 6.0 -4.655 4.444
6444 6.0 -4.506 4.424
6816 13.0 18.702 -15.465
6828 13.0 18.205 -15.646
6840 13.0 18.305 -15.483
6852 13.0 17.957 -15.374
6864 13.0 17.720 -14.706
6876 13.0 17.379 -14.531
6888 13.0 17.165 -14.261
6900 13.0 17.052 -14.135
6912 13.0 16.547 -13.722
6924 13.0 15.948 -13.317
6936 13.0 15.776 -13.036
6948 13.0 15.550 -12.749
6960 13.0 15.139 -12.619
6972 13.0 15.008 -12.511
6984 13.0 14.490 -12.166
6996 13.0 14.062 -11.473
7008 13.0 13.846 -11.179
7020 13.0 13.289 -11.241
7032 13.0 12.809 -10.679
7044 13.0 12.609 -10.174
7056 14.0 12.204 -10.211
7068 14.0 12.019 -9.755
7080 14.0 11.883 -9.548
7092 14.0 11.090 -9.249
7104 14.0 11.045 -9.459
7116 14.0 10.671 -9.480
7128 14.0 10.430 -8.893
7140 14.0 10.108 -8.795
7152 14.0 9.833 -8.808
7164 14.0 9.382 -8.598
7176 14.0 9.188 -8.307
7188 14.0 8.631 -8.406
7200 14.0 8.264 -8.063
7212 14.0 8.115 -7.985
7224 14.0 7.660 -7.789
7236 14.0 7.145 -7.321
7248 14.0 6.614 -7.343
7260 14.0 6.231 -6.796
7272 14.0 6.373 -6.651
7284 14.0 6.199 -6.796
7308 40.0 -4.827 4.272
7320 40.0 -4.756 4.501
7332 40.0 -4.592 4.323
7344 40.0 -4.614 4.384
7356 40.0 -4.812 4.133
7368 40.0 -4.928 3.798
7380 40.0 -4.949 3.608
7392 40.0 -4.887 3.309
7404 40.0 -4.970 3.151
7416 40.0 -4.925 2.789
7428 40.0 -4.856 2.480
7440 40.0 -4.977 2.152
7452 40.0 -5.092 1.713
7464 40.0 -5.062 1.231
7476 40.0 -5.132 0.869
7488 40.0 -5.362 0.710
7500 40.0 -5.731 0.669
7512 40.0 -6.044 0.544
7524 40.0 -6.176 0.618
7536 40.0 -6.453 0.515
7548 41.0 -6.749 0.439
7560 41.0 -7.023 0.405
7572 41.0 -7.416 0.398
7584 41.0 -7.679 0.223
7596 41.0 -7.857 0.373
7608 41.0 -7.928 0.033
7620 41.0 -8.031 -0.361
7632 41.0 -7.967 -0.811
7644 41.0 -7.869 -1.048
7656 41.0 -7.617 -1.289
7668 41.0 -7.537 -1.502
7680 41.0 -7.444 -1.913
7692 41.0 -7.347 -1.861
7704 41.0 -7.248 -1.848
7716 41.0 -7.355 -1.970
7728 41.0 -7.375 -2.003
7740 41.0 -7.257 -2.008
7752 41.0 -7.360 -1.954
7764 41.0 -7.353 -2.071
7776 41.0 -7.280 -1.839
7788 42.0 -7.394 -1.904
7800 42.0 -7.202 -2.045
7812 42.0 -7.242 -2.129
7824 42.0 -7.320 -1.937
7836 42.0 -7.269 -1.995
7848 42.0 -7.177 -1.976
7860 42.0 -7.409 -1.907
7872 42.0 -7.297 -1.869
7884 42.0 -7.224 -1.897
7896 42.0 -7.267 -1.934
7908 42.0 -7.463 -2.068
7920 42.0 -7.316 -2.055
7932 42.0 -7.221 -1.817
7944 42.0 -7.279 -2.046
7956 42.0 -7.241 -2.098
7968 42.0 -7.242 -1.902
7980 42.0 -7.313 -1.993
7992 42.0 -7.263 -1.963
8004 42.0 -7.359 -1.888
8016 42.0 -7.169 -1.959
8028 43.0 -7.349 -2.091
8040 43.0 -7.211 -1.918
8052 43.0 -7.703 -2.097
8064 43.0 -7.459 -1.891
8076 43.0 -7.266 -1.853
8088 43.0 -7.246 -1.929
8100 43.0 -7.208 -1.944
8112 43.0 -7.226 -1.845
8124 43.0 -7.431 -1.785
8136 43.0 -7.126 -1.879
8148 43.0 -7.368 -1.978
8160 43.0 -7.406 -1.755
8172 43.0 -7.197 -1.846
8184 43.0 -7.399 -1.879
8196 43.0 -7.463 -1.801
8208 43.0 -7.437 -1.891
8220 43.0 -7.328 -1.698
8232 43.0 -7.307 -1.791
8244 43.0 -7.705 -1.701
8256 43.0 -7.536 -1.778
8268 44.0 -7.486 -1.743
8280 44.0 -7.440 -1.733
8292 44.0 -7.523 -1.757
8304 44.0 -7.278 -1.743
8316 44.0 -7.514 -1.758
8328 44.0 -7.346 -1.712
8340 44.0 -7.262 -1.826
8352 44.0 -7.104 -1.739
8364 44.0 -7.093 -1.812
8376 44.0 -7.076 -1.874
8388 44.0 -7.184 -1.827
8400 44.0 -7.070 -1.929
8412 44.0 -6.996 -2.077
8424 44.0 -7.110 -1.976
8436 44.0 -7.089 -2.052
8448 44.0 -7.007 -2.093
8460 44.0 -6.929 -1.810
8472 44.0 -6.825 -1.665
8484 44.0 -6.839 -1.558
8496 44.0 -6.704 -1.342
8496 22.0 18.167 -11.527
8508 22.0 18.016 -11.296
8520 22.0 18.121 -11.381
8532 22.0 17.900 -11.296
8544 22.0 17.819 -11.563
8556 22.0 18.095 -11.299
8568 22.0 18.142 -11.496
8580 22.0 18.277 -11.063
8592 22.0 18.185 -11.429
8604 22.0 18.268 -11.237
8616 22.0 17.914 -11.222
8628 22.0 18.417 -11.301
8640 22.0 18.204 -11.272
8652 22.0 18.148 -11.519
8664 22.0 18.353 -11.409
8676 22.0 18.038 -11.366
8688 22.0 18.049 -11.263
8700 22.0 18.080 -11.481
8712 22.0 18.108 -11.311
8724 22.0 18.229 -11.287
8496 24.0 16.585 -11.412
8508 24.0 16.674 -11.610
8520 24.0 16.557 -11.266
8532 24.0 16.672 -11.333
8544 24.0 16.609 -11.439
8556 24.0 16.654 -11.442
8568 24.0 16.772 -11.530
8580 24.0 16.674 -11.377
8592 24.0 16.644 -11.606
8604 24.0 16.774 -11.250
8616 24.0 16.924 -11.450
8628 24.0 16.692 -11.487
8640 24.0 16.735 -11.592
8652 24.0 16.780 -11.359
8664 24.0 16.661 -11.452
8676 24.0 16.674 -11.433
8688 24.0 16.794 -11.523
8700 24.0 16.724 -11.357
8712 24.0 16.648 -11.474
8724 24.0 16.727 -11.329
8508 45.0 -6.602 -1.115
8520 45.0 -6.606 -0.984
8532 45.0 -6.566 -0.914
8544 45.0 -6.417 -0.720
8556 45.0 -6.351 -0.576
8568 45.0 -6.292 -0.343
8580 45.0 -6.227 -0.041
8592 45.0 -6.123 0.086
8604 45.0 -6.227 0.424
8616 45.0 -5.944 0.790
8628 45.0 -6.020 0.985
8640 45.0 -6.031 1.049
8652 45.0 -5.899 1.346
8664 45.0 -5.997 1.700
8676 45.0 -6.025 1.848
8688 45.0 -5.874 1.999
8700 45.0 -5.887 2.435
8712 45.0 -5.909 2.749
8724 45.0 -5.927 3.058
8736 45.0 -5.953 3.002
8520 21.0 -11.322 20.732
8532 21.0 -11.022 21.235
8544 21.0 -11.049 20.930
8556 21.0 -10.720 20.641
8568 21.0 -10.407 20.470
8580 21.0 -10.209 20.346
8592 21.0 -9.614 20.067
8604 21.0 -9.288 19.806
8616 21.0 -9.375 19.641
8628 21.0 -8.951 19.600
8640 21.0 -8.706 19.441
8652 21.0 -8.462 19.009
8664 21.0 -8.129 18.821
8676 21.0 -7.847 18.613
8688 21.0 -7.364 18.434
8700 21.0 -7.397 18.395
8712 21.0 -7.081 18.370
8724 21.0 -6.907 18.198
8736 21.0 -6.958 18.158
8748 21.0 -6.720 18.113
8736 23.0 18.023 -11.366
8748 23.0 17.851 -11.389
8760 23.0 18.155 -11.170
8772 23.0 18.065 -11.310
8784 23.0 18.224 -11.262
8796 23.0 18.213 -11.452
8808 23.0 18.238 -11.205
8820 23.0 18.156 -11.437
8832 23.0 18.131 -11.479
8844 23.0 18.135 -11.387
8856 23.0 18.029 -11.329
8868 23.0 18.114 -11.340
8880 23.0 18.125 -11.386
8892 23.0 18.141 -11.344
8904 23.0 18.235 -11.244
8916 23.0 18.320 -11.114
8928 23.0 18.216 -11.236
8940 23.0 18.107 -11.260
8952 23.0 18.090 -11.155
8964 23.0 18.275 -11.361
8736 25.0 16.772 -11.157
8748 25.0 16.846 -11.508
8760 25.0 16.801 -11.459
8772 25.0 16.462 -11.409
8784 25.0 16.593 -11.361
8796 25.0 16.778 -11.260
8808 25.0 16.723 -11.453
8820 25.0 16.701 -11.338
8832 25.0 16.654 -11.643
8844 25.0 16.738 -11.538
8856 25.0 16.744 -11.509
8868 25.0 16.477 -11.481
8880 25.0 16.777 -11.366
8892 25.0 16.693 -11.308
8904 25.0 16.546 -11.589
8916 25.0 16.648 -11.323
8928 25.0 16.676 -11.413
8940 25.0 16.679 -11.363
8952 25.0 16.847 -11.688
8964 25.0 16.627 -11.520
8748 46.0 -6.047 3.134
8760 46.0 -5.941 3.036
8772 46.0 -5.930 3.139
8784 46.0 -5.843 3.113
8796 46.0 -5.941 3.089
8808 46.0 -6.008 3.204
8820 46.0 -5.818 3.062
8832 46.0 -5.721 3.138
8844 46.0 -5.775 3.327
8856 46.0 -5.863 3.667
8868 46.0 -5.985 3.667
8880 46.0 -5.927 3.889
8892 46.0 -6.138 4.250
8904 46.0 -6.165 4.389
8916 46.0 -6.018 4.564
8928 46.0 -5.644 4.754
8940 46.0 -5.640 4.660
8952 46.0 -5.706 4.845
8964 46.0 -5.518 4.898
8976 46.0 -5.769 4.968
8988 47.0 -5.759 4.678
9000 47.0 -5.782 4.562
9012 47.0 -5.734 4.807
9024 47.0 -5.774 4.598
9036 47.0 -5.799 4.697
9048 47.0 -5.768 4.728
9060 47.0 -6.093 4.795
9072 47.0 -5.513 4.867
9084 47.0 -5.812 4.868
9096 47.0 -5.812 4.757
9108 47.0 -5.746 4.839
9120 47.0 -5.840 4.770
9132 47.0 -5.742 5.292
9144 47.0 -5.858 4.598
9156 47.0 -5.939 4.763
9168 47.0 -6.085 4.768
9180 47.0 -5.985 4.943
9192 47.0 -5.981 4.892
9204 47.0 -5.896 5.016
9216 47.0 -6.434 4.884
9012 50.0 -0.201 1.477
9024 50.0 -0.225 1.326
9036 50.0 -0.414 1.196
9048 50.0 -0.764 0.943
9060 50.0 -0.734 0.651
9072 50.0 -0.575 0.427
9084 50.0 -0.633 0.267
9096 50.0 -0.534 0.118
9108 50.0 -0.542 -0.117
9120 50.0 -0.389 -0.325
9132 50.0 -0.401 -0.244
9144 50.0 -0.364 -0.473
9156 50.0 -0.243 -0.642
9168 50.0 -0.392 -0.652
9180 50.0 -0.466 -0.615
9192 50.0 -0.320 -0.788
9204 50.0 -0.502 -0.782
9216 50.0 -0.438 -0.851
9228 50.0 -0.465 -0.771
9240 50.0 -0.395 -0.700
9228 48.0 -5.872 4.935
9240 48.0 -5.957 4.784
9252 48.0 -6.180 4.943
9264 48.0 -6.155 5.037
9276 48.0 -6.047 4.448
9288 48.0 -5.761 4.393
9300 48.0 -5.744 3.962
9312 48.0 -6.070 4.066
9324 48.0 -5.720 3.693
9336 48.0 -5.552 3.518
9348 48.0 -5.406 3.265
9360 48.0 -5.288 3.235
9372 48.0 -5.431 2.813
9384 48.0 -5.437 2.617
9396 48.0 -5.314 2.614
9408 48.0 -5.307 2.318
9420 48.0 -5.055 1.958
9432 48.0 -4.999 1.755
9444 48.0 -4.794 1.453
9456 48.0 -4.768 1.302
9252 51.0 -0.698 -0.878
9264 51.0 -0.448 -0.625
9276 51.0 -0.241 -0.693
9288 51.0 -0.334 -0.624
9300 51.0 -0.248 -0.720
9312 51.0 -0.235 -0.736
9324 51.0 -0.545 -0.585
9336 51.0 -0.223 -0.628
9348 51.0 -0.082 -0.440
9360 51.0 -0.045 -0.670
9372 51.0 0.167 -0.670
9384 51.0 0.228 -0.758
9396 51.0 0.100 -0.739
9408 51.0 0.323 -0.944
9420 51.0 0.225 -1.127
9432 51.0 0.332 -1.065
9444 51.0 0.311 -0.873
9456 51.0 0.725 -0.735
9468 51.0 0.451 -0.852
9480 51.0 0.643 -1.230
9384 19.0 2.600 -2.897
9396 19.0 3.067 -2.980
9408 19.0 3.143 -2.964
9420 19.0 3.266 -3.375
9432 19.0 3.609 -3.306
9444 19.0 3.881 -3.702
9456 19.0 4.360 -3.952
9468 19.0 4.828 -4.156
9480 19.0 4.850 -4.278
9492 19.0 5.601 -4.584
9504 19.0 5.880 -4.841
9516 19.0 6.121 -5.328
9528 19.0 6.451 -5.230
9540 19.0 6.931 -5.940
9552 19.0 7.207 -6.382
9564 19.0 7.623 -6.654
9576 19.0 7.698 -7.080
9588 19.0 8.088 -7.017
9600 19.0 8.305 -7.594
9612 19.0 8.837 -7.923
9468 49.0 -4.820 0.988
9480 49.0 -4.453 0.695
9492 49.0 -4.338 0.155
9504 49.0 -4.437 0.169
9516 49.0 -4.432 -0.308
9528 49.0 -4.313 -0.681
9540 49.0 -4.289 -1.092
9552 49.0 -3.966 -1.403
9564 49.0 -3.867 -1.524
9576 49.0 -4.052 -1.932
9588 49.0 -3.882 -2.243
9600 49.0 -3.668 -2.179
9612 49.0 -3.867 -2.650
9624 49.0 -3.669 -2.834
9636 49.0 -3.791 -3.079
9648 49.0 -3.807 -3.441
9660 49.0 -3.610 -3.498
9672 49.0 -3.479 -3.963
9684 49.0 -3.501 -3.890
9696 49.0 -3.508 -4.239
9492 52.0 1.006 -1.441
9504 52.0 0.762 -1.202
9516 52.0 0.465 -1.184
9528 52.0 0.516 -1.094
9540 52.0 0.725 -1.010
9552 52.0 0.627 -1.219
9564 52.0 0.492 -0.795
9576 52.0 0.534 -0.880
9588 52.0 0.481 -1.091
9600 52.0 0.660 -0.940
9612 52.0 0.462 -1.133
9624 52.0 0.268 -1.137
9636 52.0 0.497 -0.821
9648 52.0 0.329 -0.739
9660 52.0 0.456 -0.813
9672 52.0 0.384 -0.817
9684 52.0 0.313 -0.858
9696 52.0 0.249 -0.734
9708 52.0 0.139 -0.945
9720 52.0 -0.169 -0.691
9576 12.0 -6.959 24.922
9588 12.0 -7.319 24.885
9600 12.0 -7.470 24.735
9612 12.0 -7.742 24.393
9624 12.0 -7.920 24.146
9636 12.0 -8.288 23.875
9648 12.0 -8.379 23.698
9660 12.0 -8.637 23.221
9672 12.0 -8.608 22.987
9684 12.0 -8.917 22.541
9696 12.0 -9.188 22.282
9708 12.0 -9.308 21.999
9720 12.0 -9.514 21.544
9732 12.0 -9.831 21.113
9744 12.0 -10.058 20.662
9756 12.0 -10.369 20.280
9768 12.0 -10.684 19.789
9780 12.0 -10.837 19.728
9792 12.0 -11.027 19.631
9804 12.0 -11.147 19.316
9624 20.0 9.210 -7.943
9636 20.0 9.325 -7.870
9648 20.0 9.466 -8.110
9660 20.0 9.791 -8.326
9672 20.0 9.650 -8.478
9684 20.0 9.700 -8.202
9696 20.0 9.935 -8.420
9708 20.0 9.859 -8.554
9720 20.0 10.098 -8.256
9732 20.0 10.017 -8.430
9744 20.0 10.354 -8.434
9756 20.0 10.361 -8.377
9768 20.0 10.320 -8.863
9780 20.0 10.698 -8.746
9792 20.0 10.776 -8.950
9804 20.0 11.231 -9.150
9816 20.0 11.760 -9.298
9828 20.0 11.656 -9.300
9840 20.0 11.785 -9.499
9852 20.0 11.998 -9.622
