0 32.0 -25.443 -9.014
12 32.0 -25.510 -8.776
24 32.0 -25.828 -7.987
36 32.0 -26.248 -7.611
48 32.0 -26.518 -6.966
60 32.0 -26.860 -6.558
72 32.0 -27.060 -5.726
84 32.0 -27.653 -5.019
96 32.0 -27.984 -4.455
108 32.0 -28.126 -4.108
120 32.0 -28.337 -3.455
132 32.0 -28.451 -2.994
144 32.0 -28.908 -2.338
156 32.0 -29.332 -1.981
168 32.0 -29.560 -1.227
180 32.0 -30.111 -0.688
192 32.0 -30.315 -0.214
204 32.0 -30.569 0.588
216 32.0 -31.059 0.956
228 32.0 -31.496 1.722
0 33.0 -40.102 -44.369
12 33.0 -39.411 -44.633
24 33.0 -38.896 -44.573
36 33.0 -38.023 -44.728
48 33.0 -37.348 -44.691
60 33.0 -37.112 -44.779
72 33.0 -36.077 -44.950
84 33.0 -35.849 -45.456
96 33.0 -35.185 -45.421
108 33.0 -34.497 -45.403
120 33.0 -33.971 -45.604
132 33.0 -33.233 -45.584
144 33.0 -32.630 -45.609
156 33.0 -32.181 -45.785
168 33.0 -31.828 -45.797
180 33.0 -30.950 -46.263
192 33.0 -29.872 -46.211
204 33.0 -29.327 -46.295
216 33.0 -29.120 -46.475
228 33.0 -28.216 -46.780
0 59.0 -56.375 -2.902
12 59.0 -55.075 -2.049
24 59.0 -53.481 -1.200
36 59.0 -52.006 -0.397
48 59.0 -50.686 0.253
60 59.0 -49.331 0.918
72 59.0 -48.054 1.714
84 59.0 -46.724 2.451
96 59.0 -45.164 3.326
108 59.0 -43.867 4.083
120 59.0 -42.493 4.796
132 59.0 -41.258 5.511
144 59.0 -39.917 6.095
156 59.0 -38.430 6.665
168 59.0 -37.375 6.767
180 59.0 -36.121 6.798
192 59.0 -34.504 6.688
204 59.0 -33.444 6.215
216 59.0 -32.159 5.083
228 59.0 -31.095 4.306
0 71.0 -27.607 6.189
12 71.0 -27.131 5.694
24 71.0 -26.894 5.303
36 71.0 -26.728 4.937
48 71.0 -26.380 4.406
60 71.0 -26.217 3.940
72 71.0 -25.817 3.380
84 71.0 -25.692 3.041
96 71.0 -25.303 2.429
108 71.0 -25.204 2.204
120 71.0 -24.854 1.848
132 71.0 -24.619 1.271
144 71.0 -24.348 0.887
156 71.0 -24.044 0.395
168 71.0 -23.899 -0.045
180 71.0 -23.530 -0.573
192 71.0 -23.231 -0.931
204 71.0 -23.068 -1.598
216 71.0 -22.732 -1.776
228 71.0 -22.536 -2.368
0 75.0 -26.606 6.996
12 75.0 -26.145 6.555
24 75.0 -25.712 6.066
36 75.0 -25.639 5.381
48 75.0 -25.346 4.911
60 75.0 -25.152 4.629
72 75.0 -25.002 4.044
84 75.0 -24.648 3.556
96 75.0 -24.136 3.314
108 75.0 -23.862 2.700
120 75.0 -23.614 2.205
132 75.0 -23.219 1.894
144 75.0 -23.121 1.562
156 75.0 -23.214 0.820
168 75.0 -22.967 0.335
180 75.0 -22.532 -0.108
192 75.0 -22.457 -0.202
204 75.0 -21.995 -0.820
216 75.0 -21.777 -1.298
228 75.0 -21.781 -1.944
48 79.0 -32.069 10.713
60 79.0 -31.952 10.411
72 79.0 -31.473 9.973
84 79.0 -31.094 9.595
96 79.0 -30.625 9.185
108 79.0 -30.363 8.813
120 79.0 -29.962 8.341
132 79.0 -29.487 7.921
144 79.0 -29.283 7.369
156 79.0 -28.792 6.981
168 79.0 -28.587 6.464
180 79.0 -28.257 5.980
192 79.0 -27.956 5.474
204 79.0 -27.611 5.081
216 79.0 -27.170 4.600
228 79.0 -26.886 4.254
240 79.0 -26.594 3.765
252 79.0 -26.315 3.259
264 79.0 -26.031 2.722
276 79.0 -25.694 2.267
240 60.0 -29.930 3.469
252 60.0 -29.043 2.436
264 60.0 -28.099 1.194
276 60.0 -27.403 -0.060
288 60.0 -26.624 -1.100
300 60.0 -25.715 -2.409
312 60.0 -25.059 -3.652
324 60.0 -24.157 -4.946
336 60.0 -23.200 -6.111
348 60.0 -22.376 -7.428
360 60.0 -21.281 -8.516
372 60.0 -20.201 -9.858
384 60.0 -19.398 -10.908
396 60.0 -18.472 -12.135
408 60.0 -17.643 -13.518
420 60.0 -16.520 -14.789
432 60.0 -15.699 -15.672
444 60.0 -14.527 -17.269
456 60.0 -13.775 -18.377
468 60.0 -13.133 -19.444
240 72.0 -22.279 -2.869
252 72.0 -22.102 -3.285
264 72.0 -21.709 -3.742
276 72.0 -21.333 -3.951
288 72.0 -20.993 -4.652
300 72.0 -20.894 -5.036
312 72.0 -20.606 -5.533
324 72.0 -20.406 -6.013
336 72.0 -20.215 -6.559
348 72.0 -19.747 -6.899
360 72.0 -19.599 -7.383
372 72.0 -19.317 -8.056
384 72.0 -18.995 -8.443
396 72.0 -18.766 -8.608
408 72.0 -18.560 -9.125
420 72.0 -17.996 -9.736
432 72.0 -18.113 -10.141
444 72.0 -17.650 -10.654
456 72.0 -17.350 -11.049
468 72.0 -17.329 -11.522
240 76.0 -21.417 -2.123
252 76.0 -21.278 -2.703
264 76.0 -20.681 -3.147
276 76.0 -20.755 -3.900
288 76.0 -20.195 -4.263
300 76.0 -20.192 -4.557
312 76.0 -19.752 -4.939
324 76.0 -19.826 -5.377
336 76.0 -19.125 -5.926
348 76.0 -18.956 -6.442
360 76.0 -18.530 -6.794
372 76.0 -18.320 -7.039
384 76.0 -17.918 -7.901
396 76.0 -17.722 -7.903
408 76.0 -17.532 -8.582
420 76.0 -17.137 -8.980
432 76.0 -16.626 -9.438
444 76.0 -16.438 -9.935
456 76.0 -16.428 -10.256
468 76.0 -15.993 -10.869
252 61.0 32.840 -10.437
264 61.0 32.340 -10.773
276 61.0 32.061 -11.222
288 61.0 31.813 -11.329
300 61.0 31.148 -11.529
312 61.0 30.711 -11.982
324 61.0 30.014 -11.963
336 61.0 29.676 -12.226
348 61.0 29.266 -12.486
360 61.0 29.031 -12.730
372 61.0 28.482 -13.003
384 61.0 28.117 -13.223
396 61.0 27.646 -13.265
408 61.0 27.263 -13.472
420 61.0 26.745 -13.810
432 61.0 26.461 -13.894
444 61.0 25.764 -14.277
456 61.0 25.422 -14.255
468 61.0 25.184 -14.552
480 61.0 24.456 -14.763
276 64.0 32.953 -11.430
288 64.0 32.213 -12.055
300 64.0 32.020 -12.023
312 64.0 31.563 -12.240
324 64.0 31.251 -12.465
336 64.0 30.757 -12.726
348 64.0 30.146 -12.920
360 64.0 29.844 -13.157
372 64.0 29.314 -13.301
384 64.0 28.843 -13.799
396 64.0 28.660 -13.797
408 64.0 27.989 -14.278
420 64.0 27.408 -14.366
432 64.0 27.155 -14.193
444 64.0 26.701 -14.818
456 64.0 26.492 -14.874
468 64.0 25.945 -15.022
480 64.0 25.538 -15.030
492 64.0 25.237 -15.251
504 64.0 24.802 -15.207
288 80.0 -25.230 1.909
300 80.0 -25.030 1.572
312 80.0 -24.924 0.992
324 80.0 -24.535 0.406
336 80.0 -23.946 -0.149
348 80.0 -23.756 -0.383
360 80.0 -23.551 -1.153
372 80.0 -23.232 -1.417
384 80.0 -22.826 -1.963
396 80.0 -22.664 -2.500
408 80.0 -22.274 -3.005
420 80.0 -22.157 -3.528
432 80.0 -21.990 -3.720
444 80.0 -21.640 -4.501
456 80.0 -21.324 -4.779
468 80.0 -21.100 -5.478
480 80.0 -20.632 -6.029
492 80.0 -20.489 -6.203
504 80.0 -20.085 -6.919
516 80.0 -19.736 -7.554
480 73.0 -16.906 -11.886
492 73.0 -16.765 -12.371
504 73.0 -16.482 -12.844
516 73.0 -16.044 -13.586
528 73.0 -15.780 -14.269
540 73.0 -15.885 -14.184
552 73.0 -15.496 -14.827
564 73.0 -15.173 -15.321
576 73.0 -14.747 -15.769
588 73.0 -14.327 -16.180
600 73.0 -13.942 -16.837
612 73.0 -13.751 -17.103
624 73.0 -13.412 -17.757
636 73.0 -13.416 -18.175
648 73.0 -13.060 -18.237
660 73.0 -12.756 -19.228
672 73.0 -12.397 -19.295
684 73.0 -12.036 -20.038
696 73.0 -12.177 -20.378
708 73.0 -11.615 -20.913
480 77.0 -15.709 -11.226
492 77.0 -15.400 -11.422
504 77.0 -15.216 -12.040
516 77.0 -14.805 -12.546
528 77.0 -14.676 -13.069
540 77.0 -14.216 -13.650
552 77.0 -14.210 -13.852
564 77.0 -13.814 -14.765
576 77.0 -13.601 -15.101
588 77.0 -13.246 -15.513
600 77.0 -13.116 -16.219
612 77.0 -12.892 -16.827
624 77.0 -12.469 -16.992
636 77.0 -12.428 -17.790
648 77.0 -12.023 -17.831
660 77.0 -11.741 -18.166
672 77.0 -11.502 -18.744
684 77.0 -11.234 -19.133
696 77.0 -10.940 -19.256
708 77.0 -10.622 -19.637
492 62.0 24.369 -14.708
504 62.0 23.801 -14.943
516 62.0 23.351 -15.259
528 62.0 22.958 -15.569
540 62.0 22.608 -15.656
552 62.0 22.363 -15.920
564 62.0 21.972 -15.988
576 62.0 21.515 -16.311
588 62.0 20.908 -16.541
600 62.0 20.729 -16.888
612 62.0 19.936 -17.116
624 62.0 19.725 -17.427
636 62.0 19.307 -17.533
648 62.0 19.038 -17.719
660 62.0 18.538 -17.888
672 62.0 18.038 -18.197
684 62.0 17.627 -18.468
696 62.0 17.639 -18.731
708 62.0 16.724 -19.050
720 62.0 16.448 -19.163
504 86.0 16.096 -21.134
516 86.0 17.162 -20.794
528 86.0 18.132 -20.167
540 86.0 18.907 -19.699
552 86.0 19.916 -19.196
564 86.0 20.618 -18.944
576 86.0 21.469 -18.196
588 86.0 22.480 -17.485
600 86.0 23.207 -17.029
612 86.0 23.853 -16.604
624 86.0 24.681 -16.181
636 86.0 25.160 -15.583
648 86.0 26.150 -14.990
660 86.0 27.157 -14.238
672 86.0 28.254 -13.515
684 86.0 28.294 -13.521
696 86.0 29.048 -13.241
708 86.0 29.595 -12.911
720 86.0 30.203 -12.452
732 86.0 31.055 -11.992
516 65.0 24.289 -15.745
528 65.0 24.061 -15.876
540 65.0 23.475 -15.904
552 65.0 23.100 -16.301
564 65.0 22.740 -16.517
576 65.0 22.433 -16.820
588 65.0 22.006 -17.077
600 65.0 21.776 -17.312
612 65.0 21.204 -17.497
624 65.0 20.889 -17.647
636 65.0 20.352 -18.015
648 65.0 20.206 -18.141
660 65.0 19.626 -18.254
672 65.0 19.257 -18.488
684 65.0 19.074 -18.935
696 65.0 18.538 -18.996
708 65.0 18.106 -19.276
720 65.0 17.752 -19.396
732 65.0 17.505 -19.633
744 65.0 17.160 -19.910
528 81.0 -19.595 -7.885
540 81.0 -19.382 -8.605
552 81.0 -19.043 -9.081
564 81.0 -18.696 -9.418
576 81.0 -18.434 -9.688
588 81.0 -17.872 -10.058
600 81.0 -17.572 -10.427
612 81.0 -16.943 -10.895
624 81.0 -16.811 -11.346
636 81.0 -16.414 -11.760
648 81.0 -16.369 -12.240
660 81.0 -15.865 -12.670
672 81.0 -15.686 -13.270
684 81.0 -15.310 -13.635
696 81.0 -15.079 -14.106
708 81.0 -14.828 -14.507
720 81.0 -14.308 -15.086
732 81.0 -14.033 -15.495
744 81.0 -13.814 -15.876
756 81.0 -13.627 -16.285
720 74.0 -11.658 -21.334
732 74.0 -11.394 -21.745
744 74.0 -11.067 -22.256
756 74.0 -10.834 -22.647
768 74.0 -10.582 -23.091
780 74.0 -10.213 -23.485
792 74.0 -10.081 -24.081
804 74.0 -9.727 -24.383
816 74.0 -9.611 -25.053
828 74.0 -9.367 -25.433
840 74.0 -8.951 -25.820
852 74.0 -8.665 -26.399
864 74.0 -8.548 -26.860
876 74.0 -8.150 -27.261
888 74.0 -7.809 -27.700
900 74.0 -7.589 -28.321
912 74.0 -7.488 -28.436
924 74.0 -7.125 -29.138
936 74.0 -6.720 -29.622
948 74.0 -6.500 -30.043
720 78.0 -10.319 -20.286
732 78.0 -10.229 -20.740
744 78.0 -10.008 -21.094
756 78.0 -9.751 -21.657
768 78.0 -9.390 -21.910
780 78.0 -8.989 -22.511
792 78.0 -8.778 -22.714
804 78.0 -8.714 -23.391
816 78.0 -8.315 -23.883
828 78.0 -8.102 -24.347
840 78.0 -7.587 -24.691
852 78.0 -7.434 -25.316
864 78.0 -7.212 -25.784
876 78.0 -6.978 -26.212
888 78.0 -6.582 -26.656
900 78.0 -6.406 -27.067
912 78.0 -6.231 -27.783
924 78.0 -5.853 -28.262
936 78.0 -5.596 -28.543
948 78.0 -5.295 -29.259
720 103.0 -5.983 -38.392
732 103.0 -5.779 -37.805
744 103.0 -6.274 -37.425
756 103.0 -6.658 -36.824
768 103.0 -6.635 -36.556
780 103.0 -7.154 -35.841
792 103.0 -7.569 -35.520
804 103.0 -7.660 -34.917
816 103.0 -7.954 -34.362
828 103.0 -8.328 -33.914
840 103.0 -8.820 -33.510
852 103.0 -9.137 -33.097
864 103.0 -9.308 -32.545
876 103.0 -9.776 -32.127
888 103.0 -10.146 -31.591
900 103.0 -10.458 -31.038
912 103.0 -10.875 -30.677
924 103.0 -11.072 -30.211
936 103.0 -11.370 -29.658
948 103.0 -11.725 -29.075
732 63.0 15.940 -19.408
744 63.0 15.625 -19.464
756 63.0 15.047 -19.936
768 63.0 14.729 -20.062
780 63.0 14.191 -20.390
792 63.0 13.829 -20.780
804 63.0 13.389 -20.927
816 63.0 13.021 -21.357
828 63.0 12.584 -21.589
840 63.0 11.933 -21.883
852 63.0 11.707 -22.331
864 63.0 11.064 -22.660
876 63.0 10.451 -22.802
888 63.0 10.217 -23.365
900 63.0 9.518 -23.788
912 63.0 9.475 -23.659
924 63.0 9.563 -23.519
936 63.0 9.561 -23.827
948 63.0 9.316 -23.832
960 63.0 9.549 -23.650
744 87.0 31.269 -11.862
756 87.0 31.846 -11.696
768 87.0 32.376 -11.314
780 87.0 32.410 -10.923
792 87.0 32.353 -11.425
804 87.0 32.356 -11.112
816 87.0 32.338 -11.389
828 87.0 32.097 -11.409
840 87.0 32.111 -11.403
852 87.0 31.962 -11.511
864 87.0 32.113 -11.170
876 87.0 32.307 -11.371
888 87.0 32.090 -11.462
900 87.0 31.970 -11.629
912 87.0 31.941 -11.590
924 87.0 32.158 -11.259
936 87.0 31.829 -11.881
948 87.0 31.823 -11.381
960 87.0 31.778 -11.668
972 87.0 31.534 -11.632
756 66.0 16.666 -19.988
768 66.0 16.378 -20.506
780 66.0 15.750 -20.720
792 66.0 15.393 -20.789
804 66.0 14.855 -21.341
816 66.0 14.073 -21.328
828 66.0 13.727 -21.821
840 66.0 13.169 -22.077
852 66.0 12.230 -22.496
864 66.0 12.184 -22.987
876 66.0 11.421 -22.897
888 66.0 10.900 -23.325
900 66.0 10.378 -23.525
912 66.0 10.042 -23.543
924 66.0 10.152 -23.802
936 66.0 10.303 -23.273
948 66.0 10.050 -23.348
960 66.0 10.214 -23.515
972 66.0 10.134 -23.754
984 66.0 10.118 -23.591
756 67.0 7.068 -29.385
768 67.0 7.341 -28.665
780 67.0 7.233 -27.203
792 67.0 7.892 -26.411
804 67.0 8.692 -25.715
816 67.0 10.105 -25.249
828 67.0 11.247 -24.609
840 67.0 12.635 -23.746
852 67.0 13.719 -23.284
864 67.0 15.106 -22.230
876 67.0 16.096 -21.414
888 67.0 17.440 -20.394
900 67.0 18.722 -19.502
912 67.0 19.742 -18.932
924 67.0 20.822 -18.275
936 67.0 21.907 -17.754
948 67.0 22.939 -17.089
960 67.0 24.412 -16.261
972 67.0 25.457 -15.459
984 67.0 26.650 -14.589
768 82.0 -13.278 -17.044
780 82.0 -13.039 -17.327
792 82.0 -12.752 -17.897
804 82.0 -12.321 -18.147
816 82.0 -12.142 -18.667
828 82.0 -11.820 -19.005
840 82.0 -11.595 -19.560
852 82.0 -11.327 -19.908
864 82.0 -11.112 -20.478
876 82.0 -10.612 -20.744
888 82.0 -10.275 -21.280
900 82.0 -10.196 -21.655
912 82.0 -9.859 -22.121
924 82.0 -9.579 -22.455
936 82.0 -9.196 -22.937
948 82.0 -8.885 -23.429
960 82.0 -8.726 -23.845
972 82.0 -8.296 -24.374
984 82.0 -8.182 -24.662
996 82.0 -7.844 -25.067
960 104.0 -12.060 -28.689
972 104.0 -12.549 -28.285
984 104.0 -12.947 -27.714
996 104.0 -13.114 -27.268
1008 104.0 -13.548 -26.664
1020 104.0 -13.965 -26.142
1032 104.0 -14.259 -25.724
1044 104.0 -14.566 -25.105
1056 104.0 -14.942 -24.576
1068 104.0 -15.211 -23.988
1080 104.0 -15.632 -23.609
1092 104.0 -15.630 -23.252
1104 104.0 -15.990 -22.645
1116 104.0 -16.372 -22.221
1128 104.0 -16.548 -21.885
1140 104.0 -16.905 -21.225
1152 104.0 -17.085 -20.850
1164 104.0 -17.344 -20.263
1176 104.0 -17.640 -20.031
1188 104.0 -17.979 -19.419
984 88.0 31.727 -11.665
996 88.0 31.682 -11.582
1008 88.0 31.720 -11.545
1020 88.0 31.786 -11.591
1032 88.0 31.645 -11.564
1044 88.0 31.596 -11.723
1056 88.0 31.488 -11.662
1068 88.0 31.505 -11.623
1080 88.0 31.332 -11.852
1092 88.0 31.399 -11.618
1104 88.0 31.517 -11.861
1116 88.0 31.394 -11.838
1128 88.0 31.129 -11.771
1140 88.0 31.117 -11.900
1152 88.0 30.911 -12.223
1164 88.0 30.150 -12.274
1176 88.0 29.679 -12.492
1188 88.0 29.090 -12.855
1200 88.0 28.907 -13.099
1212 88.0 28.845 -13.295
996 116.0 -39.467 7.488
1008 116.0 -37.951 7.575
1020 116.0 -37.594 7.319
1032 116.0 -37.210 7.443
1044 116.0 -36.719 7.306
1056 116.0 -35.920 7.233
1068 116.0 -35.225 7.259
1080 116.0 -34.738 6.889
1092 116.0 -34.199 6.775
1104 116.0 -33.886 6.452
1116 116.0 -33.098 6.014
1128 116.0 -32.509 5.548
1140 116.0 -32.237 5.356
1152 116.0 -31.690 4.950
1164 116.0 -31.001 4.644
1176 116.0 -30.420 4.318
1188 116.0 -29.736 4.113
1200 116.0 -29.101 3.872
1212 116.0 -29.035 3.546
1224 116.0 -28.257 2.905
1008 83.0 -7.700 -25.877
1020 83.0 -7.289 -26.164
1032 83.0 -6.970 -26.593
1044 83.0 -6.932 -26.983
1056 83.0 -6.663 -27.504
1068 83.0 -6.552 -27.857
1080 83.0 -6.185 -28.744
1092 83.0 -6.234 -28.882
1104 83.0 -5.897 -29.248
1116 83.0 -5.589 -29.780
1128 83.0 -5.353 -30.559
1140 83.0 -5.172 -30.732
1152 83.0 -4.752 -31.150
1164 83.0 -4.716 -31.639
1176 83.0 -4.769 -32.102
1188 83.0 -4.322 -32.678
1200 83.0 -4.247 -32.917
1212 83.0 -3.973 -33.476
1224 83.0 -3.777 -34.047
1236 83.0 -3.578 -34.335
1056 84.0 5.338 -30.585
1068 84.0 5.806 -29.728
1080 84.0 5.532 -29.118
1092 84.0 5.434 -28.332
1104 84.0 5.501 -28.233
1116 84.0 6.028 -27.717
1128 84.0 6.334 -27.097
1140 84.0 6.628 -26.953
1152 84.0 7.403 -26.269
1164 84.0 7.660 -26.147
1176 84.0 7.848 -25.591
1188 84.0 8.214 -25.411
1200 84.0 8.688 -24.997
1212 84.0 9.064 -24.567
1224 84.0 9.209 -24.142
1236 84.0 9.719 -23.882
1248 84.0 9.894 -23.178
1260 84.0 10.280 -22.884
1272 84.0 11.068 -22.501
1284 84.0 11.148 -22.210
1068 45.0 -8.162 -38.660
1080 45.0 -8.108 -37.847
1092 45.0 -8.074 -37.620
1104 45.0 -8.364 -37.204
1116 45.0 -8.359 -36.617
1128 45.0 -8.724 -35.974
1140 45.0 -8.951 -35.630
1152 45.0 -9.223 -35.223
1164 45.0 -9.377 -35.067
1176 45.0 -9.628 -34.398
1188 45.0 -9.534 -34.047
1200 45.0 -10.255 -33.550
1212 45.0 -10.435 -32.902
1224 45.0 -10.534 -32.707
1236 45.0 -10.890 -32.191
1248 45.0 -10.816 -31.686
1260 45.0 -11.245 -31.077
1272 45.0 -11.574 -30.879
1284 45.0 -11.829 -30.539
1296 45.0 -12.167 -29.970
1200 105.0 -18.275 -19.037
1212 105.0 -18.461 -18.275
1224 105.0 -18.766 -17.878
1236 105.0 -18.843 -17.388
1248 105.0 -19.431 -16.893
1260 105.0 -19.690 -16.551
1272 105.0 -19.911 -15.982
1284 105.0 -20.112 -15.403
1296 105.0 -20.318 -15.055
1308 105.0 -20.760 -14.255
1320 105.0 -21.140 -13.955
1332 105.0 -21.399 -13.399
1344 105.0 -21.637 -12.862
1356 105.0 -21.988 -12.479
1368 105.0 -22.309 -11.926
1380 105.0 -22.538 -11.455
1392 105.0 -22.785 -10.983
1404 105.0 -23.047 -10.489
1416 105.0 -23.234 -9.953
1428 105.0 -23.658 -9.512
1224 89.0 28.324 -13.598
1236 89.0 28.135 -13.805
1248 89.0 27.706 -14.009
1260 89.0 27.546 -14.447
1272 89.0 27.296 -14.421
1284 89.0 26.976 -14.703
1296 89.0 26.145 -15.088
1308 89.0 26.211 -15.230
1320 89.0 25.693 -15.480
1332 89.0 25.708 -15.764
1344 89.0 25.004 -15.893
1356 89.0 24.648 -16.240
1368 89.0 24.510 -16.412
1380 89.0 23.913 -16.601
1392 89.0 23.600 -16.931
1404 89.0 23.392 -17.105
1416 89.0 22.907 -17.378
1428 89.0 22.540 -17.554
1440 89.0 22.466 -17.844
1452 89.0 21.751 -17.796
1236 117.0 -27.667 2.269
1248 117.0 -26.850 2.028
1260 117.0 -26.018 1.570
1272 117.0 -25.896 1.020
1284 117.0 -24.782 0.449
1296 117.0 -24.378 -0.268
1308 117.0 -24.223 -0.864
1320 117.0 -23.686 -1.424
1332 117.0 -23.016 -1.472
1344 117.0 -23.048 -2.177
1356 117.0 -22.494 -2.557
1368 117.0 -22.025 -3.171
1380 117.0 -21.719 -3.224
1392 117.0 -21.362 -3.543
1404 117.0 -20.871 -4.082
1416 117.0 -20.655 -4.381
1428 117.0 -20.437 -4.823
1440 117.0 -19.984 -5.479
1452 117.0 -19.778 -5.868
1464 117.0 -19.273 -6.274
1296 85.0 11.658 -22.052
1308 85.0 12.238 -21.693
1320 85.0 12.545 -21.609
1332 85.0 13.225 -21.113
1344 85.0 13.716 -21.102
1356 85.0 13.939 -20.441
1368 85.0 14.725 -20.359
1380 85.0 15.093 -20.164
1392 85.0 15.721 -19.861
1404 85.0 16.033 -19.657
1416 85.0 16.715 -19.146
1428 85.0 17.290 -19.067
1440 85.0 17.615 -18.742
1452 85.0 18.044 -18.586
1464 85.0 18.601 -18.329
1476 85.0 19.042 -18.160
1488 85.0 19.579 -17.993
1500 85.0 19.918 -17.445
1512 85.0 20.488 -17.578
1524 85.0 20.875 -17.200
1308 46.0 -12.478 -29.703
1320 46.0 -12.660 -29.398
1332 46.0 -13.315 -28.981
1344 46.0 -13.542 -28.539
1356 46.0 -13.510 -28.321
1368 46.0 -13.998 -27.888
1380 46.0 -14.255 -27.475
1392 46.0 -14.576 -27.086
1404 46.0 -14.760 -26.618
1416 46.0 -15.217 -26.246
1428 46.0 -15.529 -25.929
1440 46.0 -15.702 -25.442
1452 46.0 -15.872 -24.945
1464 46.0 -16.397 -24.533
1476 46.0 -16.572 -24.004
1488 46.0 -16.928 -23.847
1500 46.0 -17.346 -23.326
1512 46.0 -17.559 -23.131
1524 46.0 -17.392 -22.761
1536 46.0 -17.588 -22.568
1356 108.0 -65.344 -8.696
1368 108.0 -64.607 -8.381
1380 108.0 -64.445 -8.320
1392 108.0 -63.864 -7.925
1404 108.0 -63.430 -7.462
1416 108.0 -62.891 -7.365
1428 108.0 -62.559 -7.170
1440 108.0 -62.181 -6.863
1452 108.0 -61.621 -6.428
1464 108.0 -61.250 -6.531
1476 108.0 -60.748 -5.861
1488 108.0 -60.235 -5.622
1500 108.0 -60.075 -5.342
1512 108.0 -59.018 -5.256
1524 108.0 -57.924 -4.819
1536 108.0 -57.846 -4.764
1548 108.0 -57.332 -4.731
1560 108.0 -56.970 -4.517
1572 108.0 -56.647 -4.121
1584 108.0 -56.041 -3.699
1356 112.0 -33.810 9.454
1368 112.0 -33.479 8.866
1380 112.0 -33.170 8.390
1392 112.0 -33.216 7.921
1404 112.0 -32.642 7.356
1416 112.0 -32.532 7.200
1428 112.0 -32.208 6.805
1440 112.0 -31.708 6.310
1452 112.0 -31.494 5.765
1464 112.0 -31.119 5.333
1476 112.0 -30.670 4.574
1488 112.0 -30.147 4.212
1500 112.0 -30.031 3.595
1512 112.0 -29.464 3.076
1524 112.0 -29.113 2.122
1536 112.0 -28.614 1.502
1548 112.0 -28.465 0.559
1560 112.0 -27.955 0.261
1572 112.0 -27.359 -0.278
1584 112.0 -27.323 -0.587
1440 106.0 -23.735 -9.160
1452 106.0 -24.108 -8.630
1464 106.0 -24.614 -7.987
1476 106.0 -24.852 -7.742
1488 106.0 -24.897 -7.061
1500 106.0 -25.398 -7.028
1512 106.0 -25.637 -6.186
1524 106.0 -26.048 -5.603
1536 106.0 -26.241 -4.864
1548 106.0 -26.197 -4.664
1560 106.0 -25.838 -4.680
1572 106.0 -26.107 -4.160
1584 106.0 -27.127 -3.309
1596 106.0 -27.594 -2.844
1608 106.0 -28.408 -2.507
1620 106.0 -28.843 -2.174
1632 106.0 -28.902 -1.327
1644 106.0 -29.066 -0.797
1656 106.0 -29.024 -0.258
1668 106.0 -29.196 0.370
1476 118.0 -18.728 -7.142
1488 118.0 -18.610 -7.643
1500 118.0 -18.246 -8.175
1512 118.0 -18.009 -8.374
1524 118.0 -17.952 -8.531
1536 118.0 -17.798 -8.967
1548 118.0 -17.437 -9.436
1560 118.0 -17.263 -9.880
1572 118.0 -16.874 -10.416
1584 118.0 -16.650 -10.857
1596 118.0 -16.139 -11.314
1608 118.0 -15.529 -11.893
1620 118.0 -15.082 -12.400
1632 118.0 -14.548 -12.597
1644 118.0 -14.067 -12.966
1656 118.0 -13.666 -13.365
1668 118.0 -13.289 -13.643
1680 118.0 -12.884 -14.210
1692 118.0 -12.740 -14.851
1704 118.0 -12.752 -15.396
1548 47.0 -17.743 -22.235
1560 47.0 -18.039 -21.878
1572 47.0 -18.490 -21.254
1584 47.0 -18.732 -20.534
1596 47.0 -18.923 -20.022
1608 47.0 -19.178 -19.693
1620 47.0 -19.265 -19.280
1632 47.0 -19.497 -18.795
1644 47.0 -19.441 -18.341
1656 47.0 -19.887 -17.912
1668 47.0 -20.152 -17.367
1680 47.0 -20.385 -16.583
1692 47.0 -20.472 -16.299
1704 47.0 -20.397 -16.110
1716 47.0 -20.541 -15.813
1728 47.0 -21.013 -15.588
1740 47.0 -21.478 -15.256
1752 47.0 -22.215 -15.219
1764 47.0 -22.914 -14.809
1776 47.0 -23.423 -14.543
1596 109.0 -55.662 -3.571
1608 109.0 -55.156 -3.156
1620 109.0 -54.524 -3.113
1632 109.0 -54.134 -2.948
1644 109.0 -53.687 -2.696
1656 109.0 -52.662 -1.991
1668 109.0 -51.676 -1.693
1680 109.0 -51.264 -1.346
1692 109.0 -51.161 -1.169
1704 109.0 -51.292 -1.049
1716 109.0 -51.298 -0.740
1728 109.0 -50.821 -0.607
1740 109.0 -50.174 -0.464
1752 109.0 -49.330 -0.272
1764 109.0 -49.212 -0.146
1776 109.0 -48.842 -0.094
1788 109.0 -48.790 0.142
1800 109.0 -48.615 0.242
1812 109.0 -48.364 0.260
1824 109.0 -48.197 0.350
1596 113.0 -26.965 -1.411
1608 113.0 -26.674 -1.692
1620 113.0 -26.433 -2.314
1632 113.0 -26.108 -2.773
1644 113.0 -25.598 -3.249
1656 113.0 -25.606 -3.638
1668 113.0 -25.152 -4.200
1680 113.0 -24.789 -4.602
1692 113.0 -24.531 -5.190
1704 113.0 -24.270 -5.661
1716 113.0 -23.872 -6.097
1728 113.0 -23.640 -6.748
1740 113.0 -23.319 -7.049
1752 113.0 -22.934 -7.519
1764 113.0 -22.641 -8.081
1776 113.0 -22.248 -8.694
1788 113.0 -22.181 -9.056
1800 113.0 -21.784 -9.652
1812 113.0 -21.568 -10.243
1824 113.0 -21.149 -10.641
1680 107.0 -29.677 0.738
1692 107.0 -29.957 0.896
1704 107.0 -30.246 1.784
1716 107.0 -30.440 2.377
1728 107.0 -30.386 3.057
1740 107.0 -30.681 3.775
1752 107.0 -31.123 4.044
1764 107.0 -31.106 4.707
1776 107.0 -31.431 5.382
1788 107.0 -31.621 5.748
1800 107.0 -32.174 6.108
1812 107.0 -32.158 6.795
1824 107.0 -32.514 7.227
1836 107.0 -32.585 7.642
1848 107.0 -32.920 7.931
1860 107.0 -33.055 8.551
1872 107.0 -32.492 8.988
1884 107.0 -32.635 9.582
1896 107.0 -32.521 9.930
1908 107.0 -32.280 9.770
1716 119.0 -12.519 -16.108
1728 119.0 -12.389 -16.785
1740 119.0 -11.909 -17.242
1752 119.0 -11.011 -18.185
1764 119.0 -9.713 -19.012
1776 119.0 -9.299 -19.629
1788 119.0 -8.950 -20.117
1800 119.0 -8.567 -20.764
1812 119.0 -8.233 -21.291
1824 119.0 -7.955 -21.790
1836 119.0 -7.863 -22.420
1848 119.0 -7.411 -23.062
1860 119.0 -7.084 -23.804
1872 119.0 -6.637 -24.448
1884 119.0 -6.433 -24.902
1896 119.0 -6.141 -25.247
1908 119.0 -6.027 -25.631
1920 119.0 -5.765 -25.956
1932 119.0 -5.694 -26.170
1944 119.0 -5.343 -26.644
1788 48.0 -23.779 -14.227
1800 48.0 -23.818 -13.580
1812 48.0 -23.814 -13.406
1824 48.0 -23.755 -12.748
1836 48.0 -23.812 -11.891
1848 48.0 -23.924 -11.530
1860 48.0 -24.030 -10.803
1872 48.0 -24.152 -10.421
1884 48.0 -24.586 -10.167
1896 48.0 -25.152 -9.687
1908 48.0 -25.463 -9.274
1920 48.0 -25.554 -8.696
1932 48.0 -25.464 -8.262
1944 48.0 -25.645 -7.844
1956 48.0 -25.853 -7.815
1968 48.0 -26.165 -7.249
1980 48.0 -26.336 -6.873
1992 48.0 -26.534 -6.446
2004 48.0 -26.826 -6.050
2016 48.0 -26.642 -5.638
1836 110.0 -48.239 0.397
1848 110.0 -48.404 0.180
1860 110.0 -48.439 0.313
1872 110.0 -48.352 0.279
1884 110.0 -48.450 0.318
1896 110.0 -48.186 0.504
1908 110.0 -48.116 0.329
1920 110.0 -48.390 0.380
1932 110.0 -48.241 0.394
1944 110.0 -48.245 0.254
1956 110.0 -48.208 0.642
1968 110.0 -48.137 0.460
1980 110.0 -47.701 0.558
1992 110.0 -47.062 0.602
2004 110.0 -46.736 0.678
2016 110.0 -46.319 0.787
2028 110.0 -46.161 1.138
2040 110.0 -45.682 1.146
2052 110.0 -45.261 1.662
2064 110.0 -45.018 1.839
1836 114.0 -20.937 -10.915
1848 114.0 -20.628 -11.718
1860 114.0 -20.175 -11.882
1872 114.0 -19.905 -12.557
1884 114.0 -19.534 -13.179
1896 114.0 -19.291 -13.535
1908 114.0 -19.058 -14.277
1920 114.0 -18.575 -14.532
1932 114.0 -18.442 -15.293
1944 114.0 -18.222 -15.812
1956 114.0 -17.961 -15.803
1968 114.0 -17.497 -16.489
1980 114.0 -17.096 -17.159
1992 114.0 -16.952 -17.738
2004 114.0 -16.624 -18.159
2016 114.0 -16.289 -18.751
2028 114.0 -16.022 -19.043
2040 114.0 -15.887 -19.719
2052 114.0 -15.514 -20.040
2064 114.0 -15.118 -20.962
1968 120.0 -24.437 4.318
1980 120.0 -24.187 3.929
1992 120.0 -23.812 3.330
2004 120.0 -23.142 3.097
2016 120.0 -22.909 2.410
2028 120.0 -22.593 1.899
2040 120.0 -22.276 1.435
2052 120.0 -22.085 0.817
2064 120.0 -21.799 0.299
2076 120.0 -21.435 -0.281
2088 120.0 -21.080 -0.814
2100 120.0 -20.835 -1.453
2112 120.0 -20.567 -1.964
2124 120.0 -20.279 -2.394
2136 120.0 -20.022 -3.109
2148 120.0 -19.772 -3.627
2160 120.0 -19.394 -4.188
2172 120.0 -19.108 -4.750
2184 120.0 -18.731 -5.297
2196 120.0 -18.417 -5.644
2028 49.0 -26.831 -5.143
2040 49.0 -27.097 -4.930
2052 49.0 -27.229 -4.596
2064 49.0 -27.160 -4.178
2076 49.0 -27.254 -3.950
2088 49.0 -27.500 -3.370
2100 49.0 -27.501 -2.928
2112 49.0 -27.652 -2.712
2124 49.0 -27.926 -2.452
2136 49.0 -27.996 -2.086
2148 49.0 -28.166 -1.460
2160 49.0 -28.308 -1.334
2172 49.0 -28.317 -0.912
2184 49.0 -28.288 -0.756
2196 49.0 -27.859 -0.892
2208 49.0 -27.582 -1.149
2220 49.0 -27.306 -1.352
2232 49.0 -26.589 -1.709
2244 49.0 -26.308 -1.911
2256 49.0 -26.081 -2.117
2076 111.0 -44.422 2.103
2088 111.0 -44.119 2.262
2100 111.0 -43.778 2.514
2112 111.0 -43.364 2.813
2124 111.0 -43.018 3.042
2136 111.0 -42.729 3.134
2148 111.0 -42.253 3.545
2160 111.0 -41.780 3.634
2172 111.0 -41.408 4.005
2184 111.0 -41.183 4.242
2196 111.0 -41.007 4.255
2208 111.0 -41.061 4.272
2220 111.0 -40.955 4.351
2232 111.0 -40.683 4.570
2244 111.0 -40.620 4.473
2256 111.0 -40.466 4.526
2268 111.0 -40.351 4.734
2280 111.0 -40.197 4.902
2292 111.0 -40.047 4.945
2304 111.0 -39.958 5.042
2076 115.0 -14.971 -21.482
2088 115.0 -14.652 -21.914
2100 115.0 -14.434 -22.500
2112 115.0 -14.203 -23.071
2124 115.0 -13.949 -23.521
2136 115.0 -13.390 -24.063
2148 115.0 -13.124 -24.778
2160 115.0 -12.925 -25.040
2172 115.0 -12.739 -25.785
2184 115.0 -12.283 -26.427
2196 115.0 -12.153 -26.833
2208 115.0 -11.896 -27.430
2220 115.0 -11.702 -27.858
2232 115.0 -11.517 -28.432
2244 115.0 -11.263 -28.900
2256 115.0 -10.916 -29.403
2268 115.0 -10.571 -29.586
2280 115.0 -10.437 -30.083
2292 115.0 -10.001 -30.622
2304 115.0 -9.811 -30.959
2208 121.0 -18.348 -6.216
2220 121.0 -17.908 -6.495
2232 121.0 -17.552 -7.085
2244 121.0 -17.067 -7.392
2256 121.0 -16.788 -7.985
2268 121.0 -16.602 -8.470
2280 121.0 -16.206 -8.784
2292 121.0 -15.783 -9.652
2304 121.0 -15.337 -9.914
2316 121.0 -15.232 -10.378
2328 121.0 -14.698 -10.967
2340 121.0 -14.674 -11.554
2352 121.0 -13.983 -11.592
2364 121.0 -13.604 -12.451
2376 121.0 -13.374 -12.829
2388 121.0 -13.078 -13.417
2400 121.0 -12.665 -13.931
2412 121.0 -12.546 -14.139
2424 121.0 -11.811 -14.460
2436 121.0 -11.681 -15.275
2268 50.0 -25.740 -2.333
2280 50.0 -25.262 -2.581
2292 50.0 -24.776 -2.737
2304 50.0 -24.583 -2.826
2316 50.0 -24.102 -3.140
2328 50.0 -23.737 -3.536
2340 50.0 -23.432 -3.754
2352 50.0 -22.873 -3.838
2364 50.0 -22.592 -4.311
2376 50.0 -22.208 -4.702
2388 50.0 -21.822 -5.103
2400 50.0 -21.555 -5.574
2412 50.0 -20.964 -5.978
2424 50.0 -20.734 -6.476
2436 50.0 -20.247 -6.834
2448 50.0 -19.835 -7.216
2460 50.0 -19.578 -7.665
2472 50.0 -19.193 -8.056
2484 50.0 -18.888 -8.347
2496 50.0 -18.500 -8.624
2376 128.0 18.362 -18.132
2388 128.0 18.557 -18.356
2400 128.0 18.337 -18.734
2412 128.0 18.753 -18.896
2424 128.0 18.917 -19.068
2436 128.0 18.501 -19.186
2448 128.0 18.012 -19.585
2460 128.0 17.563 -20.045
2472 128.0 17.392 -20.092
2484 128.0 16.994 -20.123
2496 128.0 16.554 -20.435
2508 128.0 15.972 -20.660
2520 128.0 15.752 -20.909
2532 128.0 15.157 -21.156
2544 128.0 14.946 -21.228
2556 128.0 14.371 -21.573
2568 128.0 13.938 -21.641
2580 128.0 13.237 -21.995
2592 128.0 13.251 -22.168
2604 128.0 12.567 -22.283
2448 122.0 -11.364 -15.497
2460 122.0 -11.172 -15.949
2472 122.0 -10.643 -16.562
2484 122.0 -10.544 -17.091
2496 122.0 -10.280 -17.483
2508 122.0 -10.029 -18.039
2520 122.0 -9.787 -18.537
2532 122.0 -9.850 -18.864
2544 122.0 -9.543 -19.315
2556 122.0 -9.407 -19.756
2568 122.0 -9.117 -20.193
2580 122.0 -9.017 -20.821
2592 122.0 -8.560 -21.258
2604 122.0 -8.613 -21.739
2616 122.0 -8.216 -22.209
2628 122.0 -8.096 -22.942
2640 122.0 -7.671 -23.288
2652 122.0 -7.488 -23.957
2664 122.0 -7.198 -24.430
2676 122.0 -6.756 -24.924
2448 124.0 -24.976 -49.636
2460 124.0 -25.375 -49.330
2472 124.0 -25.954 -49.324
2484 124.0 -26.564 -49.322
2496 124.0 -27.002 -49.148
2508 124.0 -27.720 -48.838
2520 124.0 -27.849 -48.686
2532 124.0 -28.402 -48.464
2544 124.0 -29.304 -48.335
2556 124.0 -29.529 -47.982
2568 124.0 -29.906 -47.734
2580 124.0 -30.625 -47.445
2592 124.0 -31.047 -47.483
2604 124.0 -31.464 -47.438
2616 124.0 -32.282 -47.240
2628 124.0 -32.655 -46.970
2640 124.0 -33.360 -46.903
2652 124.0 -33.922 -46.797
2664 124.0 -34.783 -46.693
2676 124.0 -35.052 -46.676
2448 126.0 -24.246 -48.272
2460 126.0 -24.580 -47.943
2472 126.0 -25.127 -47.677
2484 126.0 -25.446 -47.680
2496 126.0 -25.982 -47.692
2508 126.0 -26.485 -47.841
2520 126.0 -27.349 -47.473
2532 126.0 -27.747 -47.247
2544 126.0 -28.462 -47.242
2556 126.0 -28.971 -46.930
2568 126.0 -29.458 -46.962
2580 126.0 -30.192 -46.740
2592 126.0 -30.897 -46.664
2604 126.0 -31.786 -46.756
2616 126.0 -32.099 -46.475
2628 126.0 -32.612 -46.370
2640 126.0 -33.377 -46.524
2652 126.0 -34.036 -46.238
2664 126.0 -34.365 -46.212
2676 126.0 -35.024 -46.087
2460 130.0 7.126 -29.482
2472 130.0 7.466 -28.932
2484 130.0 7.350 -28.272
2496 130.0 7.552 -27.643
2508 130.0 8.278 -27.461
2520 130.0 8.580 -27.212
2532 130.0 9.239 -26.620
2544 130.0 9.605 -26.322
2556 130.0 10.344 -25.677
2568 130.0 10.542 -25.669
2580 130.0 10.970 -25.484
2592 130.0 11.324 -24.992
2604 130.0 11.943 -24.575
2616 130.0 12.327 -24.085
2628 130.0 12.973 -23.706
2640 130.0 13.344 -23.415
2652 130.0 13.746 -23.085
2664 130.0 14.424 -22.814
2676 130.0 14.573 -22.390
2688 130.0 15.391 -22.135
2508 51.0 -18.273 -9.082
2520 51.0 -17.930 -9.166
2532 51.0 -17.907 -9.562
2544 51.0 -17.701 -9.614
2556 51.0 -17.383 -9.973
2568 51.0 -17.385 -10.517
2580 51.0 -17.122 -10.832
2592 51.0 -16.747 -11.192
2604 51.0 -16.585 -11.673
2616 51.0 -16.364 -11.996
2628 51.0 -16.149 -12.400
2640 51.0 -15.897 -12.826
2652 51.0 -15.580 -13.276
2664 51.0 -15.291 -13.644
2676 51.0 -15.099 -14.117
2688 51.0 -14.696 -14.284
2700 51.0 -14.605 -14.574
2712 51.0 -14.223 -15.157
2724 51.0 -14.074 -15.453
2736 51.0 -13.631 -15.858
2580 54.0 -35.978 8.762
2592 54.0 -35.472 8.628
2604 54.0 -34.930 8.252
2616 54.0 -34.671 7.821
2628 54.0 -34.491 7.773
2640 54.0 -34.008 7.339
2652 54.0 -33.560 6.864
2664 54.0 -33.250 6.673
2676 54.0 -32.799 6.248
2688 54.0 -32.507 6.055
2700 54.0 -32.158 5.643
2712 54.0 -31.581 5.549
2724 54.0 -31.206 5.301
2736 54.0 -30.620 4.849
2748 54.0 -30.069 4.758
2760 54.0 -29.740 4.509
2772 54.0 -29.228 4.102
2784 54.0 -28.836 3.917
2796 54.0 -28.283 3.680
2808 54.0 -27.819 3.470
2616 129.0 12.031 -22.713
2628 129.0 11.628 -22.794
2640 129.0 11.268 -23.133
2652 129.0 10.957 -23.524
2664 129.0 10.396 -23.761
2676 129.0 10.152 -24.482
2688 129.0 9.766 -24.515
2700 129.0 9.356 -24.916
2712 129.0 9.000 -25.265
2724 129.0 8.757 -25.438
2736 129.0 8.358 -26.076
2748 129.0 8.264 -26.393
2760 129.0 7.983 -26.773
2772 129.0 7.877 -27.179
2784 129.0 7.467 -27.577
2796 129.0 7.282 -27.960
2808 129.0 7.253 -28.438
2820 129.0 6.630 -28.839
2832 129.0 6.907 -29.102
2844 129.0 7.094 -29.518
2688 123.0 -6.745 -25.376
2700 123.0 -6.592 -26.001
2712 123.0 -6.469 -26.546
2724 123.0 -6.137 -27.166
2736 123.0 -5.876 -27.592
2748 123.0 -5.366 -28.132
2760 123.0 -5.227 -28.560
2772 123.0 -4.703 -28.966
2784 123.0 -4.423 -29.591
2796 123.0 -3.851 -29.969
2808 123.0 -3.664 -30.308
2820 123.0 -3.330 -30.908
2832 123.0 -2.803 -31.450
2844 123.0 -2.339 -32.118
2856 123.0 -2.096 -32.712
2868 123.0 -1.707 -33.361
2880 123.0 -1.699 -33.770
2892 123.0 -1.459 -34.455
2904 123.0 -1.224 -34.915
2916 123.0 -1.105 -35.525
2688 125.0 -35.752 -46.525
2700 125.0 -36.289 -46.439
2712 125.0 -36.770 -46.472
2724 125.0 -37.468 -46.196
2736 125.0 -38.144 -46.325
2748 125.0 -38.699 -46.047
2760 125.0 -39.283 -46.039
2772 125.0 -39.788 -45.823
2784 125.0 -40.288 -45.623
2796 125.0 -41.112 -45.337
2808 125.0 -41.652 -45.402
2820 125.0 -42.441 -45.038
2832 125.0 -42.872 -45.266
2844 125.0 -43.436 -45.140
2856 125.0 -44.040 -44.969
2868 125.0 -44.721 -44.713
2880 125.0 -44.972 -44.650
2892 125.0 -45.698 -44.383
2904 125.0 -45.925 -44.262
2916 125.0 -46.247 -44.200
2688 127.0 -35.636 -45.859
2700 127.0 -36.073 -45.781
2712 127.0 -36.853 -45.576
2724 127.0 -37.359 -45.224
2736 127.0 -37.896 -45.212
2748 127.0 -38.570 -45.214
2760 127.0 -39.149 -44.898
2772 127.0 -39.633 -44.789
2784 127.0 -40.288 -44.603
2796 127.0 -40.797 -44.640
2808 127.0 -41.570 -44.519
2820 127.0 -42.014 -44.553
2832 127.0 -42.624 -44.424
2844 127.0 -43.198 -44.483
2856 127.0 -43.540 -44.295
2868 127.0 -43.851 -43.865
2880 127.0 -44.247 -43.524
2892 127.0 -44.721 -43.273
2904 127.0 -45.528 -43.204
2916 127.0 -46.263 -43.164
2700 131.0 15.475 -21.583
2712 131.0 16.155 -21.394
2724 131.0 16.490 -21.041
2736 131.0 17.036 -20.709
2748 131.0 17.451 -20.441
2760 131.0 17.790 -20.015
2772 131.0 18.280 -19.766
2784 131.0 18.562 -19.609
2796 131.0 18.974 -19.685
2808 131.0 19.593 -19.228
2820 131.0 20.088 -18.844
2832 131.0 20.893 -18.291
2844 131.0 21.204 -18.089
2856 131.0 21.807 -17.598
2868 131.0 22.460 -17.438
2880 131.0 23.158 -16.748
2892 131.0 23.544 -16.475
2904 131.0 24.388 -16.130
2916 131.0 25.022 -15.769
2928 131.0 25.211 -15.122
2748 52.0 -13.547 -16.153
2760 52.0 -13.326 -16.610
2772 52.0 -12.932 -17.094
2784 52.0 -12.797 -17.556
2796 52.0 -12.557 -18.025
2808 52.0 -12.293 -18.399
2820 52.0 -12.187 -18.875
2832 52.0 -11.868 -19.214
2844 52.0 -11.655 -19.612
2856 52.0 -11.471 -20.025
2868 52.0 -11.317 -20.532
2880 52.0 -11.026 -21.036
2892 52.0 -10.799 -21.354
2904 52.0 -10.635 -21.687
2916 52.0 -10.433 -22.186
2928 52.0 -10.184 -22.477
2940 52.0 -9.900 -22.954
2952 52.0 -9.521 -23.292
2964 52.0 -9.382 -23.701
2976 52.0 -8.956 -24.097
2820 55.0 -27.378 3.203
2832 55.0 -26.908 2.912
2844 55.0 -26.356 2.677
2856 55.0 -26.097 2.287
2868 55.0 -25.727 1.876
2880 55.0 -25.356 1.618
2892 55.0 -24.872 1.338
2904 55.0 -24.678 0.820
2916 55.0 -24.278 0.506
2928 55.0 -23.876 0.189
2940 55.0 -23.363 -0.243
2952 55.0 -23.202 -0.696
2964 55.0 -22.853 -0.866
2976 55.0 -22.578 -1.258
2988 55.0 -21.841 -1.473
3000 55.0 -21.428 -1.862
3012 55.0 -21.185 -2.222
3024 55.0 -20.873 -2.685
3036 55.0 -20.592 -3.008
3048 55.0 -20.300 -3.493
2988 53.0 -8.745 -24.852
3000 53.0 -8.468 -24.930
3012 53.0 -8.047 -25.519
3024 53.0 -8.118 -25.987
3036 53.0 -7.788 -26.197
3048 53.0 -7.407 -26.723
3060 53.0 -7.209 -27.057
3072 53.0 -7.228 -27.220
3084 53.0 -6.745 -28.023
3096 53.0 -6.656 -28.156
3108 53.0 -6.329 -28.639
3120 53.0 -6.183 -28.838
3132 53.0 -5.882 -29.236
3144 53.0 -5.718 -29.869
3156 53.0 -5.239 -29.891
3168 53.0 -5.272 -30.520
3180 53.0 -5.125 -31.001
3192 53.0 -4.969 -31.195
3204 53.0 -4.360 -32.051
3216 53.0 -4.209 -32.337
3060 56.0 -20.077 -3.925
3072 56.0 -19.751 -4.414
3084 56.0 -19.711 -4.798
3096 56.0 -19.358 -4.951
3108 56.0 -18.837 -5.303
3120 56.0 -18.678 -5.968
3132 56.0 -18.643 -6.291
3144 56.0 -18.277 -6.939
3156 56.0 -18.208 -7.247
3168 56.0 -17.983 -7.495
3180 56.0 -17.617 -7.755
3192 56.0 -17.252 -8.136
3204 56.0 -17.203 -8.812
3216 56.0 -16.907 -9.196
3228 56.0 -16.655 -9.671
3240 56.0 -16.554 -10.138
3252 56.0 -15.917 -10.230
3264 56.0 -15.730 -10.859
3276 56.0 -15.329 -11.253
3288 56.0 -15.141 -11.527
3084 0.0 -64.003 -7.391
3096 0.0 -62.518 -6.706
3108 0.0 -60.817 -5.432
3120 0.0 -59.064 -4.639
3132 0.0 -57.541 -3.803
3144 0.0 -56.127 -2.821
3156 0.0 -54.541 -2.117
3168 0.0 -52.656 -0.995
3180 0.0 -51.261 0.018
3192 0.0 -49.588 0.763
3204 0.0 -47.997 1.809
3216 0.0 -46.560 2.541
3228 0.0 -44.757 3.842
3240 0.0 -43.195 4.706
3252 0.0 -41.696 5.678
3264 0.0 -40.140 6.512
3276 0.0 -38.387 7.508
3288 0.0 -36.589 7.532
3300 0.0 -35.109 6.721
3312 0.0 -34.108 6.167
3300 57.0 -14.924 -12.017
3312 57.0 -14.731 -12.341
3324 57.0 -14.407 -13.074
3336 57.0 -14.307 -13.316
3348 57.0 -14.140 -13.783
3360 57.0 -13.739 -13.998
3372 57.0 -13.546 -14.407
3384 57.0 -13.362 -15.083
3396 57.0 -13.177 -15.223
3408 57.0 -12.751 -15.946
3420 57.0 -12.693 -16.310
3432 57.0 -12.187 -16.551
3444 57.0 -12.104 -17.025
3456 57.0 -11.694 -17.396
3468 57.0 -11.455 -17.683
3480 57.0 -11.261 -18.134
3492 57.0 -10.880 -18.595
3504 57.0 -10.705 -18.911
3516 57.0 -10.569 -19.384
3528 57.0 -10.088 -19.675
3372 12.0 -30.697 10.909
3384 12.0 -30.485 10.636
3396 12.0 -30.257 10.222
3408 12.0 -30.156 9.751
3420 12.0 -29.943 9.456
3432 12.0 -29.765 9.220
3444 12.0 -29.672 8.548
3456 12.0 -29.308 8.232
3468 12.0 -29.251 7.911
3480 12.0 -28.956 7.469
3492 12.0 -28.776 7.011
3504 12.0 -28.643 6.652
3516 12.0 -28.430 6.239
3528 12.0 -28.158 5.769
3540 12.0 -27.912 5.398
3552 12.0 -27.778 5.097
3564 12.0 -27.397 4.555
3576 12.0 -27.332 4.116
3588 12.0 -27.077 3.760
3600 12.0 -26.901 3.274
3396 7.0 -29.442 11.202
3408 7.0 -29.052 10.720
3420 7.0 -28.751 10.421
3432 7.0 -28.484 10.045
3444 7.0 -28.099 9.482
3456 7.0 -27.738 9.133
3468 7.0 -27.473 8.697
3480 7.0 -27.071 8.452
3492 7.0 -26.839 8.074
3504 7.0 -26.585 7.537
3516 7.0 -26.422 7.128
3528 7.0 -26.277 6.697
3540 7.0 -26.158 6.349
3552 7.0 -25.959 5.873
3564 7.0 -25.880 5.239
3576 7.0 -25.752 4.858
3588 7.0 -25.542 4.481
3600 7.0 -25.353 3.926
3612 7.0 -25.204 3.516
3624 7.0 -25.036 3.033
3612 13.0 -26.567 2.941
3624 13.0 -26.346 2.502
3636 13.0 -26.119 2.064
3648 13.0 -25.944 1.596
3660 13.0 -25.723 1.145
3672 13.0 -25.514 0.802
3684 13.0 -25.347 0.492
3696 13.0 -25.333 -0.053
3708 13.0 -24.913 -0.372
3720 13.0 -24.743 -0.903
3732 13.0 -24.622 -1.451
3744 13.0 -24.245 -1.790
3756 13.0 -24.191 -2.177
3768 13.0 -23.685 -2.390
3780 13.0 -23.480 -3.030
3792 13.0 -23.292 -3.423
3804 13.0 -23.128 -3.758
3816 13.0 -22.910 -4.183
3828 13.0 -22.682 -4.554
3840 13.0 -22.441 -4.850
3636 8.0 -25.003 2.341
3648 8.0 -24.616 2.213
3660 8.0 -24.535 1.600
3672 8.0 -24.386 1.126
3684 8.0 -24.364 0.775
3696 8.0 -24.196 0.105
3708 8.0 -23.802 0.090
3720 8.0 -23.628 -0.539
3732 8.0 -23.321 -0.572
3744 8.0 -23.041 -1.259
3756 8.0 -23.100 -1.676
3768 8.0 -22.778 -2.180
3780 8.0 -22.490 -2.250
3792 8.0 -22.281 -2.683
3804 8.0 -21.919 -3.165
3816 8.0 -21.802 -3.315
3828 8.0 -21.295 -4.001
3840 8.0 -21.450 -4.493
3852 8.0 -21.065 -4.823
3864 8.0 -21.001 -5.204
3852 14.0 -22.067 -5.296
3864 14.0 -21.876 -5.629
3876 14.0 -21.519 -5.982
3888 14.0 -21.430 -6.440
3900 14.0 -21.127 -6.710
3912 14.0 -20.847 -7.171
3924 14.0 -20.504 -7.487
3936 14.0 -20.326 -7.779
3948 14.0 -19.893 -8.183
3960 14.0 -19.747 -8.597
3972 14.0 -19.436 -8.983
3984 14.0 -19.180 -9.342
3996 14.0 -19.082 -9.574
4008 14.0 -18.721 -10.339
4020 14.0 -18.349 -11.042
4032 14.0 -18.140 -11.599
4044 14.0 -17.871 -12.368
4056 14.0 -17.653 -12.698
4068 14.0 -17.574 -13.262
4080 14.0 -16.946 -13.500
3876 9.0 -20.705 -5.583
3888 9.0 -20.174 -5.847
3900 9.0 -20.017 -6.155
3912 9.0 -19.761 -6.491
3924 9.0 -19.569 -7.000
3936 9.0 -19.312 -7.515
3948 9.0 -19.292 -7.650
3960 9.0 -18.975 -8.175
3972 9.0 -18.948 -8.595
3984 9.0 -18.659 -9.025
3996 9.0 -18.126 -9.364
4008 9.0 -17.877 -9.713
4020 9.0 -17.225 -10.140
4032 9.0 -16.880 -10.362
4044 9.0 -16.414 -10.803
4056 9.0 -15.988 -11.082
4068 9.0 -15.732 -11.637
4080 9.0 -15.357 -11.937
4092 9.0 -15.218 -12.209
4104 9.0 -14.757 -12.641
3924 17.0 -5.557 -37.880
3936 17.0 -6.114 -37.457
3948 17.0 -6.363 -37.222
3960 17.0 -6.332 -36.643
3972 17.0 -6.695 -36.104
3984 17.0 -7.101 -35.609
3996 17.0 -7.641 -35.192
4008 17.0 -7.613 -35.112
4020 17.0 -7.309 -34.195
4032 17.0 -7.489 -34.013
4044 17.0 -7.229 -33.388
4056 17.0 -7.465 -33.397
4068 17.0 -8.168 -32.639
4080 17.0 -8.573 -32.061
4092 17.0 -8.792 -31.866
4104 17.0 -9.265 -31.272
4116 17.0 -9.344 -31.016
4128 17.0 -10.163 -30.232
4140 17.0 -10.634 -29.312
4152 17.0 -11.238 -28.588
3924 22.0 -6.818 -38.487
3936 22.0 -7.136 -38.092
3948 22.0 -7.351 -37.845
3960 22.0 -7.827 -37.596
3972 22.0 -8.282 -37.256
3984 22.0 -8.670 -37.029
3996 22.0 -8.982 -36.502
4008 22.0 -9.044 -36.023
4020 22.0 -9.577 -35.650
4032 22.0 -9.519 -35.449
4044 22.0 -9.728 -34.847
4056 22.0 -10.030 -34.727
4068 22.0 -10.121 -34.105
4080 22.0 -10.427 -33.524
4092 22.0 -10.627 -33.480
4104 22.0 -10.719 -32.977
4116 22.0 -11.076 -32.828
4128 22.0 -11.289 -32.123
4140 22.0 -11.444 -31.835
4152 22.0 -11.765 -31.385
4092 15.0 -16.543 -13.799
4104 15.0 -16.491 -14.077
4116 15.0 -16.314 -14.712
4128 15.0 -15.932 -15.052
4140 15.0 -16.029 -15.600
4152 15.0 -15.376 -16.466
4164 15.0 -15.020 -16.638
4176 15.0 -14.774 -17.355
4188 15.0 -14.433 -17.524
4200 15.0 -14.204 -17.750
4212 15.0 -13.827 -17.931
4224 15.0 -13.900 -17.901
4236 15.0 -13.423 -18.843
4248 15.0 -12.968 -19.530
4260 15.0 -13.198 -19.369
4272 15.0 -12.295 -20.414
4284 15.0 -12.652 -20.704
4296 15.0 -12.242 -20.762
4308 15.0 -11.906 -21.309
4320 15.0 -11.646 -21.603
4116 10.0 -14.808 -13.144
4128 10.0 -14.248 -13.615
4140 10.0 -14.144 -14.113
4152 10.0 -13.663 -14.619
4164 10.0 -13.459 -14.984
4176 10.0 -13.171 -15.379
4188 10.0 -12.836 -15.632
4200 10.0 -12.771 -16.101
4212 10.0 -12.283 -16.533
4224 10.0 -12.128 -17.028
4236 10.0 -11.892 -17.436
4248 10.0 -11.576 -17.768
4260 10.0 -11.094 -18.275
4272 10.0 -11.126 -18.507
4284 10.0 -10.798 -18.815
4296 10.0 -10.689 -18.978
4308 10.0 -10.738 -19.407
4320 10.0 -10.539 -19.668
4332 10.0 -10.382 -19.841
4344 10.0 -10.174 -19.990
4164 18.0 -11.591 -28.047
4176 18.0 -11.654 -27.621
4188 18.0 -12.098 -27.174
4200 18.0 -12.335 -26.888
4212 18.0 -12.237 -26.446
4224 18.0 -12.563 -26.013
4236 18.0 -12.567 -25.775
4248 18.0 -12.798 -25.448
4260 18.0 -12.881 -25.043
4272 18.0 -13.122 -24.643
4284 18.0 -13.379 -24.268
4296 18.0 -13.540 -24.090
4308 18.0 -13.915 -23.599
4320 18.0 -14.122 -23.021
4332 18.0 -14.535 -22.613
4344 18.0 -15.051 -22.195
4356 18.0 -15.335 -21.624
4368 18.0 -15.480 -21.377
4380 18.0 -15.541 -20.859
4392 18.0 -15.817 -20.406
4164 23.0 -12.215 -31.089
4176 23.0 -11.950 -30.554
4188 23.0 -12.631 -30.120
4200 23.0 -12.437 -29.646
4212 23.0 -13.265 -29.128
4224 23.0 -13.282 -28.591
4236 23.0 -13.268 -28.528
4248 23.0 -13.965 -27.737
4260 23.0 -14.421 -27.352
4272 23.0 -14.110 -26.862
4284 23.0 -14.420 -26.321
4296 23.0 -14.453 -25.916
4308 23.0 -14.733 -25.840
4320 23.0 -15.238 -25.313
4332 23.0 -14.903 -25.381
4344 23.0 -14.950 -25.410
4356 23.0 -15.302 -25.350
4368 23.0 -15.738 -24.693
4380 23.0 -16.596 -23.624
4392 23.0 -17.441 -22.521
4332 16.0 -11.578 -22.176
4344 16.0 -11.265 -22.586
4356 16.0 -11.147 -22.976
4368 16.0 -10.885 -23.528
4380 16.0 -10.771 -23.896
4392 16.0 -10.463 -23.965
4404 16.0 -10.246 -24.294
4416 16.0 -10.147 -24.638
4428 16.0 -9.862 -24.893
4440 16.0 -9.566 -26.031
4452 16.0 -9.534 -26.383
4464 16.0 -9.231 -26.538
4476 16.0 -9.719 -26.284
4488 16.0 -9.421 -26.266
4500 16.0 -8.591 -27.297
4512 16.0 -8.099 -27.568
4524 16.0 -7.840 -28.248
4536 16.0 -7.376 -28.528
4548 16.0 -7.148 -28.884
4560 16.0 -6.870 -29.416
4356 11.0 -10.013 -20.660
4368 11.0 -9.818 -20.959
4380 11.0 -9.366 -21.500
4392 11.0 -8.992 -21.766
4404 11.0 -8.811 -22.304
4416 11.0 -8.610 -22.779
4428 11.0 -8.343 -23.033
4440 11.0 -8.128 -23.569
4452 11.0 -7.877 -24.032
4464 11.0 -7.581 -24.490
4476 11.0 -7.462 -24.868
4488 11.0 -7.302 -25.260
4500 11.0 -6.864 -25.896
4512 11.0 -6.459 -26.324
4524 11.0 -6.448 -26.620
4536 11.0 -6.220 -26.982
4548 11.0 -5.954 -27.469
4560 11.0 -5.810 -27.871
4572 11.0 -5.395 -28.220
4584 11.0 -5.214 -28.544
4404 19.0 -16.184 -19.942
4416 19.0 -16.445 -19.775
4428 19.0 -16.471 -18.976
4440 19.0 -16.684 -18.640
4452 19.0 -17.401 -18.189
4464 19.0 -17.762 -17.870
4476 19.0 -18.000 -17.412
4488 19.0 -18.294 -17.188
4500 19.0 -18.619 -16.500
4512 19.0 -19.008 -15.842
4524 19.0 -19.159 -15.464
4536 19.0 -19.169 -15.105
4548 19.0 -19.912 -14.520
4560 19.0 -19.698 -14.149
4572 19.0 -20.440 -13.843
4584 19.0 -20.641 -13.395
4596 19.0 -20.763 -12.905
4608 19.0 -20.856 -12.633
4620 19.0 -21.271 -11.723
4632 19.0 -21.526 -11.437
4404 24.0 -17.770 -22.099
4416 24.0 -18.013 -21.534
4428 24.0 -18.234 -21.194
4440 24.0 -18.667 -20.765
4452 24.0 -18.862 -20.294
4464 24.0 -19.169 -19.819
4476 24.0 -19.350 -19.328
4488 24.0 -19.991 -18.894
4500 24.0 -20.085 -18.212
4512 24.0 -20.258 -17.856
4524 24.0 -20.493 -17.323
4536 24.0 -20.744 -16.806
4548 24.0 -20.964 -16.392
4560 24.0 -21.303 -15.962
4572 24.0 -21.504 -15.647
4584 24.0 -21.934 -14.978
4596 24.0 -22.226 -14.444
4608 24.0 -22.267 -14.187
4620 24.0 -22.514 -13.490
4632 24.0 -22.920 -13.338
4644 20.0 -21.642 -11.114
4656 20.0 -21.956 -10.641
4668 20.0 -22.106 -10.182
4680 20.0 -22.327 -9.577
4692 20.0 -22.840 -9.328
4704 20.0 -23.044 -8.672
4716 20.0 -23.176 -8.412
4728 20.0 -23.307 -7.869
4740 20.0 -23.809 -7.545
4752 20.0 -23.996 -7.140
4764 20.0 -24.258 -6.496
4776 20.0 -24.536 -6.216
4788 20.0 -24.776 -5.782
4800 20.0 -25.020 -5.296
4812 20.0 -25.276 -4.917
4824 20.0 -25.501 -4.422
4836 20.0 -25.735 -3.971
4848 20.0 -26.009 -3.608
4860 20.0 -26.235 -2.974
4872 20.0 -26.650 -2.705
4644 25.0 -23.117 -12.857
4656 25.0 -23.093 -12.377
4668 25.0 -23.857 -11.915
4680 25.0 -23.726 -11.269
4692 25.0 -24.028 -10.878
4704 25.0 -24.677 -10.488
4716 25.0 -24.590 -10.129
4728 25.0 -24.716 -9.407
4740 25.0 -25.115 -8.964
4752 25.0 -25.423 -8.577
4764 25.0 -25.521 -8.138
4776 25.0 -25.663 -7.635
4788 25.0 -26.098 -7.440
4800 25.0 -26.434 -6.856
4812 25.0 -26.737 -6.315
4824 25.0 -27.153 -5.853
4836 25.0 -27.027 -5.542
4848 25.0 -27.449 -5.280
4860 25.0 -27.943 -4.429
4872 25.0 -27.869 -4.047
4884 21.0 -26.639 -2.230
4896 21.0 -27.069 -1.839
4908 21.0 -27.280 -1.416
4920 21.0 -27.647 -0.737
4932 21.0 -27.643 -0.574
4944 21.0 -28.126 0.043
4956 21.0 -28.473 0.416
4968 21.0 -28.441 0.967
4980 21.0 -28.685 1.463
4992 21.0 -28.954 1.657
5004 21.0 -29.272 2.242
5016 21.0 -29.598 2.559
5028 21.0 -29.914 2.884
5040 21.0 -30.203 3.270
5052 21.0 -30.538 3.478
5064 21.0 -31.042 3.956
5076 21.0 -31.135 4.528
5088 21.0 -31.743 4.814
5100 21.0 -31.960 5.159
5112 21.0 -32.332 5.554
4884 26.0 -28.031 -3.461
4896 26.0 -28.481 -3.121
4908 26.0 -29.081 -2.871
4920 26.0 -29.080 -2.129
4932 26.0 -29.303 -1.715
4944 26.0 -29.501 -1.216
4956 26.0 -29.907 -0.919
4968 26.0 -29.947 -0.337
4980 26.0 -30.436 0.079
4992 26.0 -30.702 0.390
5004 26.0 -30.669 0.931
5016 26.0 -31.135 1.423
5028 26.0 -31.273 2.109
5040 26.0 -31.129 2.399
5052 26.0 -31.812 2.923
5064 26.0 -31.941 3.577
5076 26.0 -32.266 3.746
5088 26.0 -32.302 4.319
5100 26.0 -32.910 4.752
5112 26.0 -32.833 5.188
5064 34.0 7.267 -30.413
5076 34.0 7.121 -29.934
5088 34.0 7.038 -29.512
5100 34.0 7.065 -29.117
5112 34.0 7.092 -28.765
5124 34.0 7.005 -28.198
5136 34.0 7.195 -27.927
5148 34.0 7.313 -27.575
5160 34.0 7.569 -27.087
5172 34.0 8.045 -26.608
5184 34.0 8.022 -26.161
5196 34.0 8.258 -26.129
5208 34.0 8.566 -25.958
5220 34.0 8.765 -25.770
5232 34.0 9.131 -25.343
5244 34.0 9.383 -25.332
5256 34.0 10.024 -25.091
5268 34.0 10.211 -24.656
5280 34.0 11.085 -24.207
5292 34.0 11.286 -23.989
5196 27.0 -6.474 -38.809
5208 27.0 -6.935 -38.371
5220 27.0 -7.091 -37.971
5232 27.0 -7.294 -37.325
5244 27.0 -7.777 -36.737
5256 27.0 -8.075 -36.219
5268 27.0 -8.326 -35.693
5280 27.0 -9.021 -35.302
5292 27.0 -9.368 -34.659
5304 27.0 -9.681 -34.017
5316 27.0 -10.090 -33.360
5328 27.0 -10.341 -32.547
5340 27.0 -10.698 -32.068
5352 27.0 -11.145 -31.331
5364 27.0 -11.520 -30.742
5376 27.0 -11.805 -30.284
5388 27.0 -12.242 -29.607
5400 27.0 -12.838 -29.202
5412 27.0 -13.173 -28.578
5424 27.0 -13.653 -28.089
5304 35.0 11.884 -23.623
5316 35.0 12.192 -23.446
5328 35.0 12.677 -23.067
5340 35.0 13.193 -22.773
5352 35.0 13.483 -22.460
5364 35.0 13.902 -22.212
5376 35.0 14.234 -21.920
5388 35.0 14.745 -21.734
5400 35.0 15.112 -21.588
5412 35.0 15.738 -21.425
5424 35.0 16.175 -21.206
5436 35.0 16.481 -21.029
5448 35.0 16.884 -20.764
5460 35.0 17.425 -20.610
5472 35.0 17.929 -20.226
5484 35.0 18.358 -20.007
5496 35.0 19.066 -19.610
5508 35.0 19.274 -19.464
5520 35.0 19.706 -19.261
5532 35.0 19.777 -19.123
5436 28.0 -13.762 -27.459
5448 28.0 -14.123 -26.935
5460 28.0 -14.736 -26.267
5472 28.0 -15.179 -25.523
5484 28.0 -15.431 -24.965
5496 28.0 -15.925 -24.359
5508 28.0 -15.763 -23.692
5520 28.0 -16.226 -23.019
5532 28.0 -16.298 -22.709
5544 28.0 -16.612 -21.875
5556 28.0 -16.675 -21.343
5568 28.0 -16.947 -20.593
5580 28.0 -17.072 -20.088
5592 28.0 -17.466 -19.312
5604 28.0 -17.550 -18.912
5616 28.0 -17.696 -18.299
5628 28.0 -18.117 -17.725
5640 28.0 -18.210 -16.979
5652 28.0 -18.601 -16.492
5664 28.0 -18.919 -16.259
5544 36.0 20.047 -19.043
5556 36.0 20.196 -18.789
5568 36.0 20.444 -18.438
5580 36.0 20.411 -18.530
5592 36.0 20.774 -18.240
5604 36.0 21.320 -17.914
5616 36.0 21.994 -17.524
5628 36.0 22.444 -16.868
5640 36.0 23.136 -16.854
5652 36.0 23.747 -16.557
5664 36.0 24.308 -16.166
5676 36.0 24.942 -15.868
5688 36.0 25.317 -15.724
5700 36.0 25.595 -15.293
5712 36.0 26.144 -15.302
5724 36.0 26.394 -14.893
5736 36.0 26.980 -14.683
5748 36.0 27.362 -14.325
5760 36.0 28.057 -14.075
5772 36.0 28.247 -13.999
5676 29.0 -19.365 -15.437
5688 29.0 -19.843 -15.243
5700 29.0 -20.102 -14.497
5712 29.0 -20.405 -14.037
5724 29.0 -20.786 -13.351
5736 29.0 -21.333 -12.945
5748 29.0 -21.508 -12.303
5760 29.0 -21.938 -11.803
5772 29.0 -22.195 -11.282
5784 29.0 -22.863 -10.888
5796 29.0 -23.315 -10.032
5808 29.0 -23.756 -9.745
5820 29.0 -24.131 -9.132
5832 29.0 -24.396 -8.375
5844 29.0 -24.965 -7.654
5856 29.0 -25.129 -7.093
5868 29.0 -25.636 -6.822
5880 29.0 -26.263 -6.030
5892 29.0 -26.250 -5.778
5904 29.0 -26.974 -5.352
5916 30.0 -27.518 -4.344
5928 30.0 -27.620 -3.890
5940 30.0 -27.867 -3.388
5952 30.0 -28.211 -2.953
5964 30.0 -28.630 -2.254
5976 30.0 -28.969 -1.365
5988 30.0 -29.043 -0.987
6000 30.0 -29.562 -0.294
6012 30.0 -30.053 0.319
6024 30.0 -30.432 0.896
6036 30.0 -30.734 1.682
6048 30.0 -30.870 2.458
6060 30.0 -31.351 2.661
6072 30.0 -31.518 3.370
6084 30.0 -31.802 3.984
6096 30.0 -32.550 4.921
6108 30.0 -32.602 5.298
6120 30.0 -33.404 6.212
6132 30.0 -33.456 6.567
6144 30.0 -33.800 7.188
6276 31.0 -62.410 -6.373
6288 31.0 -62.141 -6.178
6300 31.0 -61.493 -5.957
6312 31.0 -61.195 -5.739
6324 31.0 -60.833 -5.594
6336 31.0 -60.289 -5.272
6348 31.0 -59.918 -4.867
6360 31.0 -59.558 -4.735
6372 31.0 -59.169 -4.480
6384 31.0 -58.741 -4.345
6396 31.0 -58.252 -3.954
6408 31.0 -57.881 -3.695
6420 31.0 -57.298 -3.436
6432 31.0 -57.021 -3.343
6444 31.0 -56.517 -3.050
6456 31.0 -56.118 -2.808
6468 31.0 -55.753 -2.629
6480 31.0 -55.295 -2.319
6492 31.0 -54.835 -1.948
6504 31.0 -54.619 -1.822
6480 37.0 -22.258 -48.507
6492 37.0 -22.783 -48.221
6504 37.0 -23.004 -48.183
6516 37.0 -23.532 -48.187
6528 37.0 -24.133 -48.084
6540 37.0 -24.508 -48.048
6552 37.0 -24.971 -47.892
6564 37.0 -25.521 -47.812
6576 37.0 -25.921 -47.826
6588 37.0 -26.549 -47.482
6600 37.0 -27.230 -47.491
6612 37.0 -27.425 -47.419
6624 37.0 -27.966 -47.193
6636 37.0 -28.536 -47.228
6648 37.0 -28.755 -46.947
6660 37.0 -29.422 -46.904
6672 37.0 -29.964 -46.811
6684 37.0 -30.419 -46.661
6696 37.0 -30.826 -46.604
6708 37.0 -31.354 -46.282
6720 38.0 -31.686 -46.066
6732 38.0 -32.005 -45.994
6744 38.0 -32.309 -45.712
6756 38.0 -32.625 -45.512
6768 38.0 -33.087 -45.241
6780 38.0 -33.386 -45.000
6792 38.0 -33.860 -44.929
6804 38.0 -34.540 -44.984
6816 38.0 -35.145 -44.806
6828 38.0 -35.864 -44.839
6840 38.0 -36.707 -44.491
6852 38.0 -37.024 -44.627
6864 38.0 -37.824 -44.736
6876 38.0 -38.383 -44.433
6888 38.0 -38.966 -44.200
6900 38.0 -39.701 -44.154
6912 38.0 -40.340 -44.135
6924 38.0 -40.669 -44.091
6936 38.0 -41.284 -43.990
6948 38.0 -41.586 -43.615
7500 39.0 2.503 -17.696
7512 39.0 2.560 -17.663
7524 39.0 2.559 -17.590
7536 39.0 2.634 -17.548
7548 39.0 2.424 -17.554
7560 39.0 2.422 -17.541
7572 39.0 2.341 -17.285
7584 39.0 2.371 -17.633
7596 39.0 2.454 -17.628
7608 39.0 2.580 -17.604
7620 39.0 2.401 -17.598
7632 39.0 2.611 -17.337
7644 39.0 2.566 -17.240
7656 39.0 2.526 -17.355
7668 39.0 2.428 -17.773
7680 39.0 2.628 -17.520
7692 39.0 2.476 -17.623
7704 39.0 2.636 -17.502
7716 39.0 2.443 -17.639
7728 39.0 2.514 -17.512
7500 41.0 8.900 -29.087
7512 41.0 8.586 -29.211
7524 41.0 8.594 -29.272
7536 41.0 8.770 -29.454
7548 41.0 8.795 -29.250
7560 41.0 8.861 -29.667
7572 41.0 8.663 -29.070
7584 41.0 8.457 -29.514
7596 41.0 8.786 -29.147
7608 41.0 8.604 -29.131
7620 41.0 8.544 -29.315
7632 41.0 9.047 -29.260
7644 41.0 8.687 -29.283
7656 41.0 8.411 -29.270
7668 41.0 8.633 -29.371
7680 41.0 8.722 -29.219
7692 41.0 8.658 -29.179
7704 41.0 8.408 -29.137
7716 41.0 8.765 -29.210
7728 41.0 8.982 -29.334
7740 40.0 2.554 -17.497
7752 40.0 2.418 -17.584
7764 40.0 2.493 -17.604
7776 40.0 2.506 -17.553
7788 40.0 2.529 -17.598
7800 40.0 2.458 -17.614
7812 40.0 2.407 -17.622
7824 40.0 2.541 -17.518
7836 40.0 2.561 -17.609
7848 40.0 2.430 -17.563
7860 40.0 2.354 -17.591
7872 40.0 2.507 -17.608
7884 40.0 2.437 -17.614
7896 40.0 2.463 -17.588
7908 40.0 2.529 -17.607
7920 40.0 2.504 -17.614
7932 40.0 2.528 -17.523
7944 40.0 2.517 -17.567
7956 40.0 2.488 -17.497
7968 40.0 2.403 -17.658
7740 42.0 8.475 -29.307
7752 42.0 8.690 -29.389
7764 42.0 8.482 -29.364
7776 42.0 8.788 -29.290
7788 42.0 8.528 -29.181
7800 42.0 8.720 -29.072
7812 42.0 8.691 -29.559
7824 42.0 8.520 -29.335
7836 42.0 8.476 -29.248
7848 42.0 8.747 -29.206
7860 42.0 8.640 -29.092
7872 42.0 8.610 -29.238
7884 42.0 8.630 -29.154
7896 42.0 8.509 -29.179
7908 42.0 8.284 -29.644
7920 42.0 8.692 -29.293
7932 42.0 8.777 -29.260
7944 42.0 8.632 -29.440
7956 42.0 8.471 -29.272
7968 42.0 8.657 -29.153
7908 43.0 -45.083 -43.950
7920 43.0 -44.638 -44.117
7932 43.0 -43.881 -44.033
7944 43.0 -43.487 -44.348
7956 43.0 -42.718 -44.386
7968 43.0 -42.246 -44.662
7980 43.0 -41.725 -45.133
7992 43.0 -41.072 -44.991
8004 43.0 -40.708 -45.163
8016 43.0 -40.080 -45.190
8028 43.0 -39.702 -45.545
8040 43.0 -39.005 -45.140
8052 43.0 -38.606 -45.508
8064 43.0 -38.122 -45.664
8076 43.0 -37.840 -45.662
8088 43.0 -37.180 -45.489
8100 43.0 -37.160 -45.826
8112 43.0 -36.657 -46.042
8124 43.0 -35.795 -45.861
8136 43.0 -35.559 -46.125
8076 132.0 -31.277 11.773
8088 132.0 -29.897 11.842
8100 132.0 -29.548 11.453
8112 132.0 -29.091 11.619
8124 132.0 -29.234 11.144
8136 132.0 -29.017 10.983
8148 132.0 -29.033 11.124
8160 132.0 -28.619 10.165
8172 132.0 -27.870 9.921
8184 132.0 -27.493 8.750
8196 132.0 -27.129 8.335
8208 132.0 -26.404 7.308
8220 132.0 -25.905 6.802
8232 132.0 -25.581 6.028
8244 132.0 -25.675 5.891
8256 132.0 -25.129 5.632
8268 132.0 -25.243 4.978
8280 132.0 -25.055 4.738
8292 132.0 -25.110 4.490
8304 132.0 -24.379 4.092
8148 44.0 -35.048 -46.226
8160 44.0 -34.589 -46.436
8172 44.0 -33.460 -46.624
8184 44.0 -33.280 -46.600
8196 44.0 -32.693 -46.728
8208 44.0 -32.029 -46.818
8220 44.0 -31.822 -47.021
8232 44.0 -30.935 -47.251
8244 44.0 -30.725 -47.347
8256 44.0 -29.775 -47.403
8268 44.0 -29.136 -47.727
8280 44.0 -28.660 -47.491
8292 44.0 -28.147 -47.906
8304 44.0 -27.642 -48.032
8316 44.0 -26.986 -48.205
8328 44.0 -26.359 -48.280
8340 44.0 -25.677 -48.352
8352 44.0 -25.215 -48.239
8364 44.0 -24.537 -48.827
8376 44.0 -24.054 -48.584
8316 133.0 -24.194 3.442
8328 133.0 -24.008 3.073
8340 133.0 -23.171 2.558
8352 133.0 -23.005 2.323
8364 133.0 -22.929 1.962
8376 133.0 -22.557 1.574
8388 133.0 -22.160 0.887
8400 133.0 -22.007 0.648
8412 133.0 -21.695 -0.055
8424 133.0 -21.214 -0.479
8436 133.0 -21.272 -1.038
8448 133.0 -20.809 -1.374
8460 133.0 -20.598 -1.589
8472 133.0 -20.486 -2.447
8484 133.0 -20.004 -2.919
8496 133.0 -19.977 -3.318
8508 133.0 -19.432 -3.719
8520 133.0 -19.244 -4.331
8532 133.0 -18.961 -4.690
8544 133.0 -18.510 -5.119
8556 134.0 -18.332 -5.669
8568 134.0 -18.136 -6.077
8580 134.0 -17.932 -6.498
8592 134.0 -17.663 -6.962
8604 134.0 -17.167 -7.424
8616 134.0 -16.836 -7.825
8628 134.0 -16.675 -8.545
8640 134.0 -16.267 -8.676
8652 134.0 -16.062 -9.392
8664 134.0 -15.879 -9.622
8676 134.0 -15.747 -10.317
8688 134.0 -15.111 -10.645
8700 134.0 -14.761 -11.126
8712 134.0 -14.719 -11.498
8724 134.0 -14.512 -12.007
8736 134.0 -14.307 -12.635
8748 134.0 -14.028 -13.078
8760 134.0 -13.745 -13.601
8772 134.0 -13.186 -14.009
8784 134.0 -13.123 -14.359
8796 135.0 -12.967 -14.612
8808 135.0 -12.620 -14.995
8820 135.0 -12.233 -15.244
8832 135.0 -11.895 -16.121
8844 135.0 -11.860 -16.446
8856 135.0 -11.428 -16.928
8868 135.0 -11.200 -17.346
8880 135.0 -10.923 -17.782
8892 135.0 -11.004 -18.110
8904 135.0 -10.744 -18.872
8916 135.0 -10.626 -19.043
8928 135.0 -10.220 -19.604
8940 135.0 -10.070 -19.920
8952 135.0 -9.833 -20.269
8964 135.0 -9.744 -21.102
8976 135.0 -9.162 -21.457
8988 135.0 -8.826 -21.584
9000 135.0 -8.387 -22.053
9012 135.0 -8.085 -22.356
9024 135.0 -8.091 -22.951
9036 136.0 -8.074 -23.359
9048 136.0 -7.798 -23.773
9060 136.0 -7.487 -24.158
9072 136.0 -7.243 -24.598
9084 136.0 -6.968 -25.040
9096 136.0 -6.605 -25.438
9108 136.0 -6.400 -25.969
9120 136.0 -6.140 -26.356
9132 136.0 -5.823 -26.963
9144 136.0 -5.488 -27.371
9156 136.0 -5.056 -27.792
9168 136.0 -4.886 -28.193
9180 136.0 -4.610 -28.770
9192 136.0 -4.340 -29.154
9204 136.0 -4.166 -29.639
9216 136.0 -3.796 -30.152
9228 136.0 -3.584 -30.598
9240 136.0 -3.177 -30.996
9252 136.0 -2.855 -31.615
9264 136.0 -2.710 -32.011
9504 58.0 -35.872 -45.785
9516 58.0 -35.322 -45.790
9528 58.0 -34.978 -46.061
9540 58.0 -34.372 -45.945
9552 58.0 -34.003 -46.252
9564 58.0 -33.611 -46.189
9576 58.0 -33.206 -46.359
9588 58.0 -32.680 -46.221
9600 58.0 -32.221 -46.604
9612 58.0 -31.837 -46.585
9624 58.0 -31.351 -46.562
9636 58.0 -30.921 -46.625
9648 58.0 -30.342 -46.713
9660 58.0 -29.999 -46.920
9672 58.0 -29.531 -46.899
9684 58.0 -29.096 -47.216
9696 58.0 -28.697 -47.307
9708 58.0 -28.450 -47.330
9720 58.0 -28.062 -47.316
9732 58.0 -27.338 -47.429
9660 90.0 -32.828 9.330
9672 90.0 -32.693 8.942
9684 90.0 -32.576 8.642
9696 90.0 -32.000 8.036
9708 90.0 -31.748 7.482
9720 90.0 -31.413 7.155
9732 90.0 -31.129 6.759
9744 90.0 -30.833 6.272
9756 90.0 -30.514 5.799
9768 90.0 -30.247 5.261
9780 90.0 -29.825 4.982
9792 90.0 -29.694 4.426
9804 90.0 -29.352 3.962
9816 90.0 -29.044 3.538
9828 90.0 -28.819 3.283
9840 90.0 -28.306 2.681
9852 90.0 -28.046 2.383
9864 90.0 -27.929 1.836
9876 90.0 -27.485 1.255
9888 90.0 -27.238 1.026
9900 91.0 -26.610 0.690
9912 91.0 -26.776 0.120
9924 91.0 -26.300 -0.298
9936 91.0 -26.241 -0.810
9948 91.0 -25.637 -1.202
9960 91.0 -25.357 -1.877
9972 91.0 -25.003 -2.316
9984 91.0 -24.883 -2.529
9996 91.0 -24.557 -3.171
10008 91.0 -24.508 -3.510
10020 91.0 -23.699 -4.073
10032 91.0 -23.749 -4.667
10044 91.0 -23.162 -4.999
10056 91.0 -23.013 -5.203
10068 91.0 -22.532 -5.813
10080 91.0 -22.723 -6.523
10092 91.0 -22.249 -6.801
10104 91.0 -22.126 -7.136
10116 91.0 -21.649 -7.742
10128 91.0 -21.285 -8.267
9984 68.0 -36.346 8.213
9996 68.0 -37.112 7.491
10008 68.0 -38.454 6.687
10020 68.0 -39.896 5.653
10032 68.0 -41.255 5.005
10044 68.0 -42.748 4.105
10056 68.0 -44.352 3.105
10068 68.0 -45.577 2.311
10080 68.0 -47.394 1.369
10092 68.0 -49.063 0.696
10104 68.0 -50.264 -0.265
10116 68.0 -51.657 -1.214
10128 68.0 -53.144 -2.062
10140 68.0 -54.775 -2.895
10152 68.0 -56.159 -3.805
10164 68.0 -57.682 -4.839
10176 68.0 -59.147 -5.432
10188 68.0 -60.521 -6.008
10200 68.0 -62.248 -7.112
10212 68.0 -63.595 -8.199
10056 69.0 -10.485 14.309
10068 69.0 -12.179 13.191
10080 69.0 -13.568 12.524
10092 69.0 -20.091 6.247
10104 69.0 -21.636 2.715
10116 69.0 -21.517 2.699
10128 69.0 -21.494 2.834
10140 69.0 -21.667 2.842
10152 69.0 -21.592 2.684
10164 69.0 -21.672 2.760
10176 69.0 -21.618 2.776
10188 69.0 -21.655 3.004
10200 69.0 -21.530 2.860
10212 69.0 -21.569 2.879
10224 69.0 -21.460 2.906
10236 69.0 -21.607 3.001
10248 69.0 -21.559 3.074
10260 69.0 -21.420 2.855
10272 69.0 -21.447 2.750
10284 69.0 -21.642 2.830
10104 98.0 -30.895 11.190
10116 98.0 -30.511 10.658
10128 98.0 -30.182 9.907
10140 98.0 -29.768 9.503
10152 98.0 -29.407 8.849
10164 98.0 -28.917 8.485
10176 98.0 -28.700 7.833
10188 98.0 -28.422 7.586
10200 98.0 -27.954 6.918
10212 98.0 -27.491 6.268
10224 98.0 -27.264 5.976
10236 98.0 -26.755 5.433
10248 98.0 -26.482 4.604
10260 98.0 -25.940 4.291
10272 98.0 -25.630 3.832
10284 98.0 -25.266 3.086
10296 98.0 -24.816 2.896
10308 98.0 -24.517 2.246
10320 98.0 -23.975 1.614
10332 98.0 -23.558 1.306
10140 92.0 -21.263 -8.758
10152 92.0 -20.833 -9.232
10164 92.0 -20.775 -9.779
10176 92.0 -20.387 -10.038
10188 92.0 -20.134 -10.553
10200 92.0 -19.843 -11.350
10212 92.0 -19.609 -11.565
10224 92.0 -19.273 -12.129
10236 92.0 -18.853 -12.427
10248 92.0 -18.833 -12.684
10260 92.0 -18.333 -13.368
10272 92.0 -18.069 -13.807
10284 92.0 -17.457 -14.227
10296 92.0 -17.654 -14.562
10308 92.0 -17.229 -15.338
10320 92.0 -16.822 -15.962
10332 92.0 -16.674 -15.998
10344 92.0 -16.334 -16.566
10356 92.0 -16.023 -17.143
10368 92.0 -15.663 -17.529
10296 70.0 -21.453 2.892
10308 70.0 -21.531 2.801
10320 70.0 -21.563 2.835
10332 70.0 -21.420 2.851
10344 70.0 -21.677 2.881
10356 70.0 -21.702 2.977
10368 70.0 -21.500 2.822
10380 70.0 -21.572 2.872
10392 70.0 -21.468 2.906
10404 70.0 -21.561 2.808
10416 70.0 -21.586 2.899
10428 70.0 -21.658 3.078
10440 70.0 -21.630 2.854
10452 70.0 -21.664 3.058
10464 70.0 -21.615 2.895
10476 70.0 -21.519 2.877
10488 70.0 -21.591 2.675
10500 70.0 -21.459 2.840
10512 70.0 -21.434 2.754
10524 70.0 -21.614 2.832
10344 99.0 -23.463 0.554
10356 99.0 -22.770 0.105
10368 99.0 -22.705 -0.264
10380 99.0 -22.211 -0.677
10392 99.0 -21.725 -1.277
10404 99.0 -21.473 -2.204
10416 99.0 -21.001 -2.434
10428 99.0 -20.624 -2.960
10440 99.0 -20.218 -3.499
10452 99.0 -19.818 -4.047
10464 99.0 -19.667 -4.598
10476 99.0 -19.067 -5.179
10488 99.0 -18.754 -5.417
10500 99.0 -18.424 -6.069
10512 99.0 -17.951 -6.479
10524 99.0 -17.511 -6.721
10536 99.0 -17.223 -7.215
10548 99.0 -16.917 -7.607
10560 99.0 -16.484 -7.962
10572 99.0 -16.319 -8.429
10380 93.0 -15.589 -17.939
10392 93.0 -15.250 -18.509
10404 93.0 -14.789 -18.941
10416 93.0 -14.588 -19.567
10428 93.0 -14.493 -19.841
10440 93.0 -14.069 -20.234
10452 93.0 -13.894 -21.022
10464 93.0 -13.394 -21.261
10476 93.0 -13.381 -21.867
10488 93.0 -12.946 -22.428
10500 93.0 -12.712 -22.862
10512 93.0 -12.449 -23.345
10524 93.0 -11.906 -23.702
10536 93.0 -11.820 -24.286
10548 93.0 -11.531 -24.504
10560 93.0 -11.069 -24.809
10572 93.0 -11.080 -25.513
10584 93.0 -10.817 -25.738
10596 93.0 -10.261 -26.233
10608 93.0 -10.366 -26.884
10584 100.0 -15.876 -8.776
10596 100.0 -15.505 -9.634
10608 100.0 -15.314 -10.119
10620 100.0 -15.256 -10.762
10632 100.0 -14.560 -11.395
10644 100.0 -14.652 -11.853
10656 100.0 -14.190 -12.234
10668 100.0 -14.146 -12.887
10680 100.0 -13.632 -13.276
10692 100.0 -13.583 -13.898
10704 100.0 -13.199 -14.716
10716 100.0 -12.921 -15.259
10728 100.0 -12.592 -16.205
10740 100.0 -12.537 -16.748
10752 100.0 -12.581 -17.566
10764 100.0 -11.966 -17.963
10776 100.0 -12.106 -18.511
10788 100.0 -11.344 -18.840
10800 100.0 -11.296 -19.248
10812 100.0 -10.728 -19.530
10596 95.0 -5.427 -37.908
10608 95.0 -5.936 -38.643
10620 95.0 -6.175 -38.864
10632 95.0 -5.751 -38.356
10644 95.0 -6.259 -38.068
10656 95.0 -6.623 -37.630
10668 95.0 -6.996 -37.329
10680 95.0 -7.340 -36.922
10692 95.0 -7.782 -36.689
10704 95.0 -7.972 -36.432
10716 95.0 -8.490 -36.064
10728 95.0 -8.648 -35.680
10740 95.0 -8.981 -35.699
10752 95.0 -9.337 -35.122
10764 95.0 -9.398 -34.598
10776 95.0 -9.490 -34.063
10788 95.0 -9.526 -33.382
10800 95.0 -9.818 -33.037
10812 95.0 -9.911 -32.356
10824 95.0 -9.795 -31.728
10620 94.0 -10.108 -27.027
10632 94.0 -9.875 -27.683
10644 94.0 -9.739 -28.142
10656 94.0 -9.236 -28.335
10668 94.0 -9.267 -28.860
10680 94.0 -9.088 -29.315
10692 94.0 -8.913 -29.871
10704 94.0 -8.567 -30.324
10716 94.0 -7.963 -30.761
10728 94.0 -7.820 -31.128
10740 94.0 -7.548 -31.784
10752 94.0 -7.289 -32.145
10764 94.0 -6.851 -32.915
10776 94.0 -6.568 -33.545
10788 94.0 -6.088 -34.225
10800 94.0 -5.555 -34.556
10812 94.0 -5.240 -35.259
10824 94.0 -4.767 -35.972
10836 94.0 -4.566 -36.217
10848 94.0 -4.676 -36.647
10824 101.0 -10.371 -20.119
10836 101.0 -9.895 -20.591
10848 101.0 -9.740 -21.030
10860 101.0 -9.407 -21.432
10872 101.0 -9.119 -21.985
10884 101.0 -8.616 -22.392
10896 101.0 -8.297 -22.906
10908 101.0 -7.844 -23.401
10920 101.0 -7.459 -24.054
10932 101.0 -7.144 -24.591
10944 101.0 -6.760 -25.002
10956 101.0 -6.348 -25.616
10968 101.0 -5.957 -26.095
10980 101.0 -5.287 -26.275
10992 101.0 -4.749 -26.722
11004 101.0 -4.339 -27.164
11016 101.0 -4.151 -27.758
11028 101.0 -3.853 -28.291
11040 101.0 -3.596 -28.811
11052 101.0 -3.316 -29.424
10836 96.0 -10.155 -31.177
10848 96.0 -10.567 -30.804
10860 96.0 -10.815 -30.128
10872 96.0 -11.170 -29.749
10884 96.0 -11.368 -29.113
10896 96.0 -11.661 -28.678
10908 96.0 -11.890 -28.211
10920 96.0 -12.307 -28.066
10932 96.0 -12.561 -27.772
10944 96.0 -12.790 -27.174
10956 96.0 -13.050 -26.858
10968 96.0 -13.419 -26.537
10980 96.0 -13.693 -26.167
10992 96.0 -13.890 -25.491
11004 96.0 -14.309 -25.240
11016 96.0 -14.457 -24.795
11028 96.0 -14.676 -24.451
11040 96.0 -14.736 -24.033
11052 96.0 -15.068 -23.524
11064 96.0 -15.346 -23.059
11064 102.0 -38.610 6.881
11076 102.0 -38.724 7.031
11088 102.0 -38.642 6.702
11100 102.0 -39.499 6.602
11112 102.0 -39.763 6.388
11124 102.0 -40.125 6.301
11136 102.0 -40.205 6.147
11148 102.0 -40.722 6.070
11160 102.0 -41.393 5.719
11172 102.0 -41.662 5.633
11184 102.0 -41.716 5.375
11196 102.0 -42.522 5.339
11208 102.0 -43.073 5.059
11220 102.0 -43.113 4.884
11232 102.0 -43.763 4.490
11244 102.0 -44.143 4.121
11256 102.0 -44.266 4.098
11268 102.0 -45.200 3.992
11280 102.0 -45.376 3.289
11292 102.0 -45.745 3.238
11076 97.0 -15.350 -22.712
11088 97.0 -15.769 -22.225
11100 97.0 -15.927 -21.896
11112 97.0 -16.186 -21.244
11124 97.0 -16.413 -20.744
11136 97.0 -16.585 -20.422
11148 97.0 -16.807 -19.950
11160 97.0 -16.845 -19.416
11172 97.0 -17.256 -19.067
11184 97.0 -17.642 -18.711
11196 97.0 -17.783 -18.238
11208 97.0 -18.143 -17.742
11220 97.0 -18.353 -17.339
11232 97.0 -18.780 -16.965
11244 97.0 -19.006 -16.357
11256 97.0 -19.212 -15.878
11268 97.0 -19.445 -15.573
11280 97.0 -19.597 -15.083
11292 97.0 -19.965 -14.652
11304 97.0 -20.140 -14.187
