72 1.0 26.300 0.812
84 1.0 25.559 0.065
96 1.0 25.250 -0.722
108 1.0 25.281 -1.776
120 1.0 24.898 -2.562
132 1.0 24.720 -2.954
144 1.0 24.652 -3.668
156 1.0 24.460 -3.781
168 1.0 24.322 -4.483
180 1.0 24.041 -4.788
192 1.0 23.870 -5.478
204 1.0 23.738 -6.061
216 1.0 23.317 -6.182
228 1.0 22.785 -6.639
240 1.0 22.180 -7.149
252 1.0 22.069 -7.237
264 1.0 21.696 -7.694
276 1.0 21.394 -7.767
288 1.0 21.326 -8.300
300 1.0 20.814 -8.749
72 11.0 26.661 9.716
84 11.0 26.148 9.052
96 11.0 25.773 8.231
108 11.0 25.529 7.759
120 11.0 24.850 7.289
132 11.0 24.886 6.693
144 11.0 24.496 6.423
156 11.0 24.114 5.953
168 11.0 23.783 5.563
180 11.0 23.734 5.055
192 11.0 23.220 4.817
204 11.0 22.985 4.103
216 11.0 22.725 3.684
228 11.0 22.501 3.260
240 11.0 22.496 2.884
252 11.0 22.344 2.475
264 11.0 22.098 2.063
276 11.0 21.965 1.734
288 11.0 21.966 1.179
300 11.0 21.421 0.844
72 25.0 15.070 -3.650
84 25.0 14.788 -3.920
96 25.0 14.447 -3.835
108 25.0 13.936 -3.889
120 25.0 13.351 -4.160
132 25.0 12.884 -3.956
144 25.0 12.540 -3.550
156 25.0 12.432 -3.271
168 25.0 12.227 -2.767
180 25.0 12.054 -2.417
192 25.0 11.832 -1.633
204 25.0 11.592 -1.040
216 25.0 11.696 -0.656
228 25.0 11.420 0.213
240 25.0 11.455 0.498
252 25.0 11.283 1.318
264 25.0 10.964 1.811
276 25.0 10.905 2.392
288 25.0 10.804 3.075
300 25.0 10.594 3.688
72 30.0 10.158 -14.422
84 30.0 9.443 -15.484
96 30.0 8.622 -16.445
108 30.0 8.012 -17.299
120 30.0 7.224 -18.525
132 30.0 6.969 -19.091
144 30.0 6.970 -19.532
156 30.0 7.263 -19.294
168 30.0 7.065 -19.198
180 30.0 7.326 -19.166
192 30.0 7.271 -18.950
204 30.0 7.111 -18.655
216 30.0 7.321 -18.625
228 30.0 7.201 -18.529
240 30.0 7.437 -18.710
252 30.0 7.705 -18.169
264 30.0 7.596 -17.910
276 30.0 7.482 -18.048
288 30.0 7.584 -17.957
300 30.0 7.756 -17.756
72 34.0 11.558 -15.341
84 34.0 10.918 -16.727
96 34.0 10.512 -17.761
108 34.0 10.101 -18.810
120 34.0 9.466 -19.803
132 34.0 9.190 -20.451
144 34.0 8.961 -20.751
156 34.0 9.062 -20.551
168 34.0 9.121 -20.500
180 34.0 9.209 -20.377
192 34.0 9.303 -20.176
204 34.0 9.576 -19.982
216 34.0 9.478 -19.944
228 34.0 9.558 -19.809
240 34.0 9.759 -19.526
252 34.0 9.873 -19.422
264 34.0 9.965 -19.225
276 34.0 10.027 -19.178
288 34.0 10.102 -18.734
300 34.0 10.267 -18.791
72 44.0 11.581 -17.816
84 44.0 11.307 -18.988
96 44.0 10.858 -20.188
108 44.0 10.636 -21.303
120 44.0 10.117 -22.532
132 44.0 10.343 -22.656
144 44.0 10.384 -22.506
156 44.0 10.416 -22.370
168 44.0 10.492 -22.418
180 44.0 10.470 -22.224
192 44.0 10.500 -22.372
204 44.0 10.739 -21.617
216 44.0 10.880 -20.912
228 44.0 11.068 -20.592
240 44.0 11.208 -20.428
252 44.0 11.410 -20.032
264 44.0 11.732 -19.669
276 44.0 12.017 -19.387
288 44.0 12.235 -19.035
300 44.0 12.399 -18.714
72 48.0 12.811 -18.164
84 48.0 12.749 -19.229
96 48.0 12.729 -20.619
108 48.0 12.106 -21.806
120 48.0 12.113 -23.100
132 48.0 11.874 -22.964
144 48.0 11.862 -22.975
156 48.0 11.953 -22.823
168 48.0 11.947 -23.008
180 48.0 12.083 -22.849
192 48.0 11.932 -22.972
204 48.0 12.013 -22.233
216 48.0 12.356 -21.450
228 48.0 12.446 -21.085
240 48.0 12.796 -20.751
252 48.0 12.803 -20.595
264 48.0 13.192 -19.855
276 48.0 13.256 -19.711
288 48.0 13.603 -19.473
300 48.0 13.536 -18.927
72 58.0 -1.769 37.490
84 58.0 -1.052 37.293
96 58.0 -0.709 36.901
108 58.0 -0.146 36.183
120 58.0 0.500 35.864
132 58.0 0.766 35.642
144 58.0 1.649 34.977
156 58.0 2.314 34.726
168 58.0 2.765 34.391
180 58.0 3.518 33.730
192 58.0 4.226 33.400
204 58.0 4.722 33.047
216 58.0 5.122 33.061
228 58.0 5.588 32.529
240 58.0 6.046 32.186
252 58.0 6.527 32.052
264 58.0 6.937 31.792
276 58.0 7.323 31.378
288 58.0 7.877 31.193
300 58.0 8.148 30.943
72 60.0 16.937 -4.129
84 60.0 16.984 -4.527
96 60.0 16.541 -5.062
108 60.0 16.368 -5.670
120 60.0 16.379 -6.082
132 60.0 16.211 -6.006
144 60.0 16.271 -5.954
156 60.0 16.649 -5.521
168 60.0 16.676 -5.173
180 60.0 16.998 -5.026
192 60.0 17.109 -4.498
204 60.0 17.074 -4.124
216 60.0 17.144 -3.722
228 60.0 17.387 -3.327
240 60.0 17.514 -3.065
252 60.0 17.819 -2.417
264 60.0 18.205 -2.044
276 60.0 18.494 -1.669
288 60.0 18.637 -1.184
300 60.0 18.154 -0.608
72 63.0 18.653 -5.325
84 63.0 18.393 -5.775
96 63.0 18.149 -6.005
108 63.0 17.867 -6.303
120 63.0 17.685 -6.653
132 63.0 17.692 -6.807
144 63.0 17.632 -6.765
156 63.0 17.879 -6.430
168 63.0 17.937 -5.876
180 63.0 18.127 -5.640
192 63.0 18.290 -5.212
204 63.0 18.454 -4.942
216 63.0 18.575 -4.699
228 63.0 18.793 -4.598
240 63.0 18.803 -4.051
252 63.0 18.911 -3.565
264 63.0 18.934 -3.115
276 63.0 19.055 -2.678
288 63.0 19.041 -2.307
300 63.0 19.218 -1.742
72 66.0 12.766 -8.669
84 66.0 12.591 -9.132
96 66.0 12.609 -9.891
108 66.0 12.214 -10.346
120 66.0 11.849 -10.902
132 66.0 12.203 -10.904
144 66.0 12.227 -10.867
156 66.0 12.616 -10.672
168 66.0 12.564 -10.636
180 66.0 12.682 -10.395
192 66.0 12.705 -9.866
204 66.0 12.715 -8.857
216 66.0 13.318 -8.380
228 66.0 13.306 -8.445
240 66.0 13.655 -7.871
252 66.0 13.990 -7.383
264 66.0 13.979 -7.011
276 66.0 14.315 -6.452
288 66.0 14.157 -6.077
300 66.0 14.650 -5.873
96 53.0 53.094 4.439
108 53.0 53.464 4.124
120 53.0 53.848 3.446
132 53.0 54.249 2.709
144 53.0 54.359 2.316
156 53.0 54.396 1.518
168 53.0 54.172 1.107
180 53.0 54.125 0.705
192 53.0 54.131 0.353
204 53.0 54.251 -0.173
216 53.0 54.238 -0.798
228 53.0 54.470 -1.127
240 53.0 54.687 -1.882
252 53.0 55.018 -2.438
264 53.0 55.135 -2.774
276 53.0 54.881 -3.106
288 53.0 55.124 -3.715
300 53.0 55.216 -4.143
312 53.0 55.293 -4.750
324 53.0 55.249 -5.094
96 55.0 19.566 -25.618
108 55.0 18.221 -26.254
120 55.0 17.137 -27.163
132 55.0 16.111 -28.187
144 55.0 15.542 -28.705
156 55.0 14.820 -28.748
168 55.0 14.345 -28.826
180 55.0 13.772 -28.940
192 55.0 13.346 -28.913
204 55.0 12.901 -28.653
216 55.0 12.363 -28.404
228 55.0 11.996 -28.137
240 55.0 11.397 -28.138
252 55.0 10.954 -28.098
264 55.0 10.431 -28.039
276 55.0 9.976 -28.196
288 55.0 9.168 -28.372
300 55.0 8.573 -28.662
312 55.0 8.459 -28.675
324 55.0 8.996 -28.614
120 18.0 9.272 -26.299
132 18.0 8.177 -28.206
144 18.0 8.105 -28.114
156 18.0 7.663 -27.829
168 18.0 7.442 -27.666
180 18.0 7.262 -27.781
192 18.0 6.943 -27.598
204 18.0 6.738 -27.148
216 18.0 6.731 -26.677
228 18.0 6.507 -25.920
240 18.0 6.887 -25.432
252 18.0 6.674 -25.325
264 18.0 7.314 -24.776
276 18.0 7.172 -24.575
288 18.0 7.353 -24.265
300 18.0 7.693 -23.699
312 18.0 8.036 -23.640
324 18.0 8.062 -23.151
336 18.0 8.401 -22.477
348 18.0 8.707 -22.015
120 71.0 8.833 -18.826
132 71.0 8.347 -19.659
144 71.0 7.992 -20.250
156 71.0 8.123 -20.074
168 71.0 8.138 -20.001
180 71.0 8.259 -19.763
192 71.0 8.341 -19.663
204 71.0 8.415 -19.486
216 71.0 8.559 -19.338
228 71.0 8.747 -19.220
240 71.0 8.877 -19.011
252 71.0 8.972 -18.865
264 71.0 8.853 -18.702
276 71.0 9.079 -18.616
288 71.0 9.235 -18.325
300 71.0 9.193 -18.290
312 71.0 9.472 -18.223
324 71.0 9.431 -17.788
336 71.0 9.432 -17.404
348 71.0 9.601 -17.275
156 54.0 24.017 9.162
168 54.0 24.243 9.402
180 54.0 24.733 10.062
192 54.0 24.833 10.300
204 54.0 24.970 10.877
216 54.0 25.396 10.947
228 54.0 25.679 11.622
240 54.0 25.754 11.889
252 54.0 26.102 12.141
264 54.0 26.271 12.729
276 54.0 26.393 13.091
288 54.0 26.815 13.652
300 54.0 26.603 14.114
312 54.0 27.255 14.489
324 54.0 27.543 14.790
336 54.0 27.426 15.489
348 54.0 27.503 15.872
360 54.0 27.798 16.440
372 54.0 27.982 17.051
384 54.0 28.303 17.664
204 8.0 33.744 17.257
216 8.0 33.298 16.718
228 8.0 33.045 16.357
240 8.0 33.147 15.789
252 8.0 32.518 15.484
264 8.0 32.232 14.818
276 8.0 32.150 14.410
288 8.0 31.676 14.223
300 8.0 31.316 13.805
312 8.0 30.985 13.586
324 8.0 30.803 13.197
336 8.0 30.364 12.490
348 8.0 30.136 12.494
360 8.0 30.118 11.604
372 8.0 29.412 11.418
384 8.0 29.205 11.047
396 8.0 28.990 10.748
408 8.0 28.972 10.009
420 8.0 28.502 9.567
432 8.0 28.197 9.292
204 15.0 32.719 15.364
216 15.0 32.347 15.044
228 15.0 32.148 14.729
240 15.0 31.906 14.161
252 15.0 31.519 13.854
264 15.0 31.405 13.564
276 15.0 31.033 13.030
288 15.0 30.889 12.661
300 15.0 30.525 12.152
312 15.0 30.193 11.799
324 15.0 29.822 11.342
336 15.0 29.698 10.997
348 15.0 29.394 10.683
360 15.0 29.084 10.041
372 15.0 28.941 9.729
384 15.0 28.662 9.279
396 15.0 28.487 8.705
408 15.0 28.085 8.475
420 15.0 27.956 8.043
432 15.0 27.798 7.579
204 38.0 34.109 16.323
216 38.0 33.936 16.324
228 38.0 33.641 15.848
240 38.0 33.242 15.207
252 38.0 32.713 15.026
264 38.0 32.759 14.314
276 38.0 32.417 14.247
288 38.0 32.004 13.888
300 38.0 32.019 13.183
312 38.0 31.649 13.133
324 38.0 31.328 12.610
336 38.0 30.795 12.397
348 38.0 30.596 11.693
360 38.0 30.442 11.405
372 38.0 29.889 11.048
384 38.0 30.017 10.437
396 38.0 29.816 10.028
408 38.0 29.358 9.341
420 38.0 28.999 9.312
432 38.0 28.778 8.830
204 41.0 34.125 14.932
216 41.0 33.792 14.846
228 41.0 33.136 14.395
240 41.0 33.082 13.811
252 41.0 32.654 13.653
264 41.0 32.584 12.850
276 41.0 32.346 12.486
288 41.0 32.057 12.074
300 41.0 31.962 11.986
312 41.0 31.522 11.169
324 41.0 31.390 10.858
336 41.0 31.167 10.368
348 41.0 30.730 9.991
360 41.0 30.659 9.357
372 41.0 30.448 9.128
384 41.0 30.192 8.368
396 41.0 30.156 8.440
408 41.0 29.752 7.765
420 41.0 29.723 7.470
432 41.0 29.199 6.847
204 52.0 36.838 2.884
216 52.0 36.520 2.487
228 52.0 36.710 1.986
240 52.0 36.930 1.864
252 52.0 36.674 1.301
264 52.0 36.340 0.931
276 52.0 36.553 0.519
288 52.0 36.394 0.047
300 52.0 36.602 -0.095
312 52.0 36.463 -0.308
324 52.0 36.661 -0.332
336 52.0 36.751 -0.181
348 52.0 36.630 -0.274
360 52.0 36.562 -0.499
372 52.0 36.567 -0.476
384 52.0 36.606 -0.189
396 52.0 36.598 -0.278
408 52.0 36.453 -0.500
420 52.0 36.524 -0.039
432 52.0 36.470 -0.467
216 22.0 50.720 -19.222
228 22.0 50.855 -18.821
240 22.0 50.966 -18.537
252 22.0 51.156 -18.317
264 22.0 51.275 -18.125
276 22.0 51.197 -17.604
288 22.0 51.953 -17.584
300 22.0 52.114 -17.421
312 22.0 52.198 -17.346
324 22.0 52.689 -17.396
336 22.0 52.688 -17.460
348 22.0 52.866 -16.680
360 22.0 52.929 -16.205
372 22.0 52.928 -15.799
384 22.0 53.101 -15.343
396 22.0 53.644 -15.648
408 22.0 53.703 -15.367
420 22.0 53.590 -15.150
432 22.0 53.605 -14.848
444 22.0 53.839 -14.587
312 2.0 20.300 -9.282
324 2.0 20.291 -9.309
336 2.0 20.115 -9.685
348 2.0 19.724 -9.697
360 2.0 20.176 -10.231
372 2.0 19.922 -10.276
384 2.0 19.709 -10.828
396 2.0 19.672 -10.874
408 2.0 18.613 -11.988
420 2.0 17.442 -13.011
432 2.0 17.654 -13.866
444 2.0 17.409 -14.193
456 2.0 17.150 -14.492
468 2.0 17.089 -14.814
480 2.0 16.764 -15.158
492 2.0 16.530 -15.471
504 2.0 16.212 -15.791
516 2.0 15.968 -16.141
528 2.0 15.973 -16.551
540 2.0 15.412 -16.615
312 12.0 21.559 0.201
324 12.0 21.448 -0.031
336 12.0 21.038 -0.420
348 12.0 20.631 -0.787
360 12.0 20.416 -1.378
372 12.0 20.344 -1.530
384 12.0 20.112 -1.912
396 12.0 20.097 -2.314
408 12.0 19.024 -2.617
420 12.0 17.808 -3.010
432 12.0 17.600 -3.541
444 12.0 17.266 -3.929
456 12.0 17.366 -4.594
468 12.0 17.077 -4.942
480 12.0 16.590 -5.339
492 12.0 16.459 -5.488
504 12.0 15.986 -6.099
516 12.0 15.848 -6.092
528 12.0 15.563 -6.575
540 12.0 15.280 -7.176
312 26.0 10.472 3.981
324 26.0 10.377 4.482
336 26.0 10.347 5.078
348 26.0 10.170 5.809
360 26.0 10.189 6.541
372 26.0 10.197 7.359
384 26.0 10.067 8.014
396 26.0 10.222 8.458
408 26.0 10.027 9.269
420 26.0 9.779 9.815
432 26.0 9.773 10.253
444 26.0 9.513 11.092
456 26.0 9.609 11.509
468 26.0 9.514 12.160
480 26.0 9.572 12.642
492 26.0 9.719 13.314
504 26.0 9.569 13.879
516 26.0 9.735 14.380
528 26.0 9.752 14.936
540 26.0 9.674 15.616
312 31.0 7.662 -17.453
324 31.0 7.935 -17.263
336 31.0 8.068 -16.869
348 31.0 8.125 -16.484
360 31.0 8.603 -16.276
372 31.0 8.398 -15.668
384 31.0 8.805 -15.271
396 31.0 8.919 -15.228
408 31.0 8.536 -15.625
420 31.0 7.894 -16.423
432 31.0 7.958 -16.128
444 31.0 8.283 -16.019
456 31.0 8.215 -15.795
468 31.0 8.539 -15.859
480 31.0 8.681 -15.403
492 31.0 8.876 -15.258
504 31.0 8.863 -15.287
516 31.0 8.888 -14.857
528 31.0 8.936 -14.380
540 31.0 9.433 -14.549
312 35.0 10.322 -18.853
324 35.0 10.373 -18.228
336 35.0 10.536 -17.885
348 35.0 10.565 -17.570
360 35.0 10.739 -17.364
372 35.0 10.843 -16.991
384 35.0 11.101 -16.614
396 35.0 11.192 -16.391
408 35.0 10.602 -16.607
420 35.0 9.658 -17.833
432 35.0 9.810 -17.505
444 35.0 10.042 -17.578
456 35.0 10.333 -17.210
468 35.0 10.565 -16.973
480 35.0 10.910 -17.070
492 35.0 10.974 -16.756
504 35.0 11.175 -16.661
516 35.0 11.277 -16.207
528 35.0 11.548 -16.156
540 35.0 11.597 -15.925
312 45.0 12.830 -18.481
324 45.0 12.758 -17.931
336 45.0 12.998 -17.754
348 45.0 13.179 -17.139
360 45.0 12.956 -16.763
372 45.0 13.712 -15.983
384 45.0 14.292 -15.114
396 45.0 14.291 -15.078
408 45.0 13.777 -15.040
420 45.0 13.068 -15.749
432 45.0 13.376 -15.148
444 45.0 13.673 -14.599
456 45.0 13.918 -14.150
468 45.0 14.106 -13.847
480 45.0 14.438 -13.375
492 45.0 14.733 -12.929
504 45.0 14.718 -12.559
516 45.0 14.901 -11.995
528 45.0 14.991 -11.569
540 45.0 15.218 -11.088
312 49.0 13.874 -18.799
324 49.0 14.213 -17.959
336 49.0 14.482 -17.415
348 49.0 14.702 -17.086
360 49.0 14.934 -16.615
372 49.0 15.394 -16.116
384 49.0 15.774 -15.556
396 49.0 15.706 -15.080
408 49.0 15.205 -15.232
420 49.0 14.495 -16.008
432 49.0 14.774 -15.719
444 49.0 15.192 -15.285
456 49.0 15.563 -14.666
468 49.0 15.727 -14.242
480 49.0 15.942 -13.694
492 49.0 16.171 -13.225
504 49.0 16.365 -12.553
516 49.0 16.544 -12.367
528 49.0 16.821 -11.970
540 49.0 17.041 -11.499
312 59.0 8.688 30.858
324 59.0 9.216 30.698
336 59.0 9.373 30.049
348 59.0 9.872 29.970
360 59.0 10.497 29.716
372 59.0 10.845 29.377
384 59.0 11.236 29.255
396 59.0 11.649 28.855
408 59.0 12.373 28.484
420 59.0 12.695 28.265
432 59.0 12.958 28.158
444 59.0 13.636 27.744
456 59.0 13.980 27.424
468 59.0 14.476 27.300
480 59.0 14.973 26.915
492 59.0 15.348 26.618
504 59.0 15.835 26.458
516 59.0 16.245 26.523
528 59.0 16.709 26.326
540 59.0 17.221 26.038
312 61.0 17.365 -0.285
324 61.0 18.443 -0.062
336 61.0 18.935 0.259
348 61.0 19.170 0.680
360 61.0 19.103 1.227
372 61.0 19.256 1.903
384 61.0 19.921 2.321
396 61.0 19.580 2.858
408 61.0 19.498 3.207
420 61.0 19.700 3.130
432 61.0 19.607 3.601
444 61.0 19.485 3.893
456 61.0 19.865 4.544
468 61.0 20.877 4.878
480 61.0 21.222 5.544
492 61.0 21.029 6.019
504 61.0 21.522 6.322
516 61.0 21.438 6.689
528 61.0 21.349 7.460
540 61.0 21.728 7.885
312 64.0 19.416 -1.282
324 64.0 19.592 -0.950
336 64.0 19.425 -0.253
348 64.0 20.019 0.109
360 64.0 20.323 0.761
372 64.0 20.317 0.992
384 64.0 20.171 1.500
396 64.0 20.856 1.891
408 64.0 20.558 2.182
420 64.0 20.915 2.626
432 64.0 20.816 3.091
444 64.0 20.777 3.244
456 64.0 21.223 3.575
468 64.0 21.574 4.034
480 64.0 22.184 4.647
492 64.0 22.291 5.038
504 64.0 22.291 5.626
516 64.0 22.630 6.134
528 64.0 22.299 6.574
540 64.0 23.007 7.109
312 67.0 14.719 -5.275
324 67.0 14.961 -4.756
336 67.0 15.220 -4.394
348 67.0 15.522 -3.881
360 67.0 15.874 -3.572
372 67.0 16.113 -2.937
384 67.0 16.327 -2.628
396 67.0 16.579 -1.955
408 67.0 16.696 -1.517
420 67.0 16.670 -1.447
432 67.0 16.792 -1.059
444 67.0 16.807 -0.769
456 67.0 16.980 -0.542
468 67.0 17.134 -0.051
480 67.0 17.652 0.601
492 67.0 17.975 0.974
504 67.0 18.154 1.417
516 67.0 18.657 2.011
528 67.0 18.808 2.354
540 67.0 19.153 2.759
360 19.0 9.089 -21.430
372 19.0 9.345 -21.059
384 19.0 9.560 -20.321
396 19.0 10.125 -19.907
408 19.0 9.718 -20.020
420 19.0 8.936 -21.263
432 19.0 9.091 -20.720
444 19.0 9.783 -20.518
456 19.0 9.991 -20.399
468 19.0 10.381 -19.609
480 19.0 10.856 -19.211
492 19.0 10.960 -18.869
504 19.0 11.097 -18.437
516 19.0 11.411 -18.124
528 19.0 11.667 -17.414
540 19.0 11.855 -17.004
552 19.0 12.106 -16.327
564 19.0 12.060 -15.939
576 19.0 12.359 -15.586
588 19.0 12.870 -15.169
360 72.0 9.597 -16.752
372 72.0 9.835 -16.550
384 72.0 9.771 -16.197
396 72.0 10.037 -15.937
408 72.0 9.476 -16.301
420 72.0 8.885 -17.106
432 72.0 8.949 -17.026
444 72.0 9.202 -16.887
456 72.0 9.493 -16.719
468 72.0 9.756 -16.541
480 72.0 10.028 -16.357
492 72.0 10.268 -16.275
504 72.0 10.342 -16.111
516 72.0 10.444 -15.920
528 72.0 10.707 -15.668
540 72.0 10.686 -15.529
552 72.0 10.650 -15.279
564 72.0 10.869 -15.080
576 72.0 10.857 -14.921
588 72.0 10.945 -14.689
408 56.0 52.860 6.213
420 56.0 53.048 5.542
432 56.0 53.661 4.664
444 56.0 53.874 4.369
456 56.0 54.208 3.776
468 56.0 54.533 3.316
480 56.0 54.489 2.747
492 56.0 54.910 2.040
504 56.0 54.870 1.885
516 56.0 55.110 1.546
528 56.0 55.292 1.168
540 56.0 55.055 0.653
552 56.0 55.560 -0.083
564 56.0 55.532 -0.634
576 56.0 55.550 -1.520
588 56.0 55.740 -2.397
600 56.0 56.192 -2.286
612 56.0 56.459 -3.274
624 56.0 56.753 -3.976
636 56.0 56.879 -4.669
444 9.0 27.733 9.110
456 9.0 27.373 8.556
468 9.0 26.967 8.081
480 9.0 26.764 7.854
492 9.0 26.676 7.147
504 9.0 26.289 6.862
516 9.0 26.073 6.482
528 9.0 25.753 5.959
540 9.0 25.565 5.484
552 9.0 25.233 5.234
564 9.0 24.953 4.742
576 9.0 24.813 4.288
588 9.0 24.507 3.532
600 9.0 24.250 3.363
612 9.0 23.939 2.868
624 9.0 23.484 2.553
636 9.0 22.897 2.005
648 9.0 22.559 1.769
660 9.0 21.859 1.490
672 9.0 21.993 1.104
444 16.0 27.575 7.100
456 16.0 27.002 6.838
468 16.0 26.856 6.450
480 16.0 26.724 6.037
492 16.0 26.451 5.648
504 16.0 25.899 4.950
516 16.0 25.579 4.587
528 16.0 25.845 4.032
540 16.0 25.344 3.625
552 16.0 25.186 3.263
564 16.0 24.927 2.727
576 16.0 24.672 2.071
588 16.0 24.456 1.720
600 16.0 24.246 1.438
612 16.0 23.979 0.733
624 16.0 23.596 0.385
636 16.0 23.063 -0.251
648 16.0 22.590 -0.348
660 16.0 21.913 -0.840
672 16.0 22.373 -0.774
444 39.0 28.366 8.440
456 39.0 28.319 7.969
468 39.0 28.045 7.494
480 39.0 27.804 7.092
492 39.0 27.415 6.620
504 39.0 27.188 6.393
516 39.0 26.953 5.864
528 39.0 26.711 5.348
540 39.0 26.417 4.795
552 39.0 26.277 4.437
564 39.0 26.077 3.874
576 39.0 25.959 3.575
588 39.0 25.605 3.098
600 39.0 25.279 2.578
612 39.0 25.164 2.195
624 39.0 24.687 1.742
636 39.0 24.079 1.062
648 39.0 23.759 0.976
660 39.0 22.934 0.494
672 39.0 23.195 0.243
444 42.0 28.803 6.484
456 42.0 28.794 5.890
468 42.0 28.458 5.606
480 42.0 28.249 5.343
492 42.0 28.174 4.894
504 42.0 27.479 4.144
516 42.0 27.122 3.915
528 42.0 27.161 3.528
540 42.0 26.654 2.780
552 42.0 26.266 2.272
564 42.0 25.891 1.820
576 42.0 25.760 1.456
588 42.0 25.201 1.161
600 42.0 24.993 0.629
612 42.0 24.749 -0.105
624 42.0 24.380 -0.289
636 42.0 24.390 -0.891
648 42.0 24.076 -1.194
660 42.0 23.823 -1.929
672 42.0 24.018 -1.976
456 23.0 54.003 -14.335
468 23.0 53.997 -13.879
480 23.0 54.060 -13.726
492 23.0 54.108 -13.334
504 23.0 54.237 -12.754
516 23.0 54.127 -12.807
528 23.0 54.035 -12.328
540 23.0 54.013 -11.968
552 23.0 54.461 -11.813
564 23.0 54.370 -11.286
576 23.0 54.190 -11.064
588 23.0 54.434 -10.799
600 23.0 54.584 -10.317
612 23.0 54.389 -10.126
624 23.0 54.442 -9.645
636 23.0 54.552 -9.543
648 23.0 54.626 -9.093
660 23.0 54.643 -8.740
672 23.0 54.586 -8.581
684 23.0 54.200 -7.055
456 69.0 15.954 -4.109
468 69.0 15.626 -4.601
480 69.0 15.289 -4.970
492 69.0 15.156 -5.172
504 69.0 14.840 -5.645
516 69.0 14.494 -5.932
528 69.0 14.167 -6.364
540 69.0 13.992 -6.591
552 69.0 13.667 -7.086
564 69.0 13.303 -7.447
576 69.0 12.843 -7.686
588 69.0 12.619 -8.052
600 69.0 12.293 -8.387
612 69.0 11.827 -8.742
624 69.0 11.765 -9.047
636 69.0 11.329 -9.471
648 69.0 10.952 -9.805
660 69.0 10.757 -10.301
672 69.0 10.585 -10.138
684 69.0 10.753 -9.931
552 3.0 15.240 -17.253
564 3.0 15.315 -17.723
576 3.0 14.901 -18.021
588 3.0 14.549 -18.451
600 3.0 14.498 -18.844
612 3.0 14.284 -19.155
624 3.0 14.194 -19.639
636 3.0 13.648 -19.961
648 3.0 13.625 -20.490
660 3.0 13.314 -20.871
672 3.0 12.800 -20.896
684 3.0 12.841 -20.023
696 3.0 13.570 -18.630
708 3.0 14.524 -17.070
720 3.0 15.162 -16.266
732 3.0 15.536 -15.559
744 3.0 15.845 -14.666
756 3.0 16.340 -13.695
768 3.0 16.786 -12.887
780 3.0 16.939 -13.197
552 13.0 14.893 -7.307
564 13.0 14.768 -7.705
576 13.0 14.092 -7.929
588 13.0 13.528 -8.298
600 13.0 13.244 -8.543
612 13.0 12.982 -8.957
624 13.0 12.678 -9.476
636 13.0 12.260 -9.649
648 13.0 12.024 -9.983
660 13.0 11.637 -10.697
672 13.0 11.672 -11.176
684 13.0 11.738 -10.844
696 13.0 11.932 -10.203
708 13.0 12.029 -9.923
720 13.0 12.618 -9.365
732 13.0 12.778 -8.813
744 13.0 13.105 -8.312
756 13.0 13.210 -7.940
768 13.0 13.336 -7.673
780 13.0 13.383 -7.766
552 27.0 9.703 16.441
564 27.0 9.293 16.867
576 27.0 9.480 17.451
588 27.0 9.563 18.297
600 27.0 9.562 18.884
612 27.0 9.372 19.032
624 27.0 9.658 19.569
636 27.0 9.600 20.510
648 27.0 9.682 20.713
660 27.0 9.407 21.395
672 27.0 9.584 22.354
684 27.0 9.409 23.478
696 27.0 8.889 23.818
708 27.0 8.770 24.694
720 27.0 9.004 25.104
732 27.0 9.162 25.359
744 27.0 9.135 25.940
756 27.0 8.863 26.659
768 27.0 9.100 27.355
780 27.0 8.808 28.380
552 32.0 9.301 -14.370
564 32.0 9.479 -14.070
576 32.0 9.635 -13.807
588 32.0 9.762 -13.841
600 32.0 9.749 -13.691
612 32.0 10.134 -13.489
624 32.0 10.026 -13.265
636 32.0 10.321 -13.087
648 32.0 10.324 -13.094
660 32.0 10.543 -12.735
672 32.0 11.145 -12.246
684 32.0 12.064 -11.209
696 32.0 12.635 -9.726
708 32.0 13.663 -8.638
720 32.0 14.297 -7.573
732 32.0 15.052 -6.730
744 32.0 15.312 -5.845
756 32.0 15.874 -5.160
768 32.0 16.515 -4.474
780 32.0 16.637 -3.715
552 36.0 11.590 -15.754
564 36.0 11.861 -15.505
576 36.0 11.857 -15.411
588 36.0 12.211 -14.971
600 36.0 12.147 -14.882
612 36.0 12.654 -14.740
624 36.0 12.406 -14.368
636 36.0 12.590 -14.164
648 36.0 12.775 -14.044
660 36.0 13.072 -13.863
672 36.0 13.378 -13.318
684 36.0 13.826 -12.153
696 36.0 14.643 -11.024
708 36.0 15.149 -9.661
720 36.0 16.047 -8.794
732 36.0 17.349 -7.653
744 36.0 17.950 -6.781
756 36.0 18.217 -6.115
768 36.0 18.515 -4.875
780 36.0 18.782 -4.296
552 46.0 15.510 -10.602
564 46.0 15.758 -10.050
576 46.0 15.788 -9.391
588 46.0 15.972 -8.916
600 46.0 15.851 -8.491
612 46.0 16.246 -8.100
624 46.0 16.530 -7.339
636 46.0 16.718 -6.937
648 46.0 17.047 -6.534
660 46.0 17.302 -6.051
672 46.0 17.463 -5.177
684 46.0 18.202 -4.226
696 46.0 18.867 -2.876
708 46.0 19.651 -1.862
720 46.0 20.176 -0.867
732 46.0 20.684 -0.035
744 46.0 21.417 0.999
756 46.0 22.561 1.911
768 46.0 22.824 2.573
780 46.0 22.983 2.830
552 50.0 17.227 -11.102
564 50.0 17.347 -10.797
576 50.0 17.682 -10.302
588 50.0 18.102 -9.738
600 50.0 18.148 -9.656
612 50.0 18.330 -9.026
624 50.0 18.561 -8.564
636 50.0 18.828 -8.167
648 50.0 19.182 -7.719
660 50.0 19.249 -7.305
672 50.0 19.664 -6.586
684 50.0 20.239 -5.513
696 50.0 20.743 -4.411
708 50.0 21.490 -3.385
720 50.0 21.795 -2.214
732 50.0 22.256 -1.534
744 50.0 23.082 -0.312
756 50.0 23.739 1.124
768 50.0 23.722 2.495
780 50.0 24.297 2.630
552 62.0 21.752 8.188
564 62.0 21.698 8.855
576 62.0 22.250 9.153
588 62.0 22.091 9.801
600 62.0 22.271 10.430
612 62.0 22.979 10.482
624 62.0 22.754 10.769
636 62.0 23.282 11.350
648 62.0 23.259 11.795
660 62.0 23.322 11.851
672 62.0 23.785 12.623
684 62.0 24.125 12.989
696 62.0 24.908 13.601
708 62.0 25.155 14.127
720 62.0 25.779 14.732
732 62.0 26.373 15.042
744 62.0 26.564 15.892
756 62.0 26.939 16.282
768 62.0 27.640 16.676
780 62.0 27.860 16.919
552 65.0 23.055 7.682
564 65.0 23.192 8.006
576 65.0 23.149 8.522
588 65.0 23.487 9.021
600 65.0 23.513 9.319
612 65.0 23.760 9.904
624 65.0 24.197 10.307
636 65.0 24.389 10.446
648 65.0 24.706 10.523
660 65.0 24.878 10.905
672 65.0 25.252 11.315
684 65.0 25.873 12.000
696 65.0 26.568 12.477
708 65.0 26.811 13.132
720 65.0 27.325 13.616
732 65.0 27.722 14.182
744 65.0 28.274 14.658
756 65.0 28.808 15.235
768 65.0 29.344 15.822
780 65.0 29.714 16.009
552 68.0 19.437 3.200
564 68.0 19.695 3.565
576 68.0 20.168 4.326
588 68.0 20.614 4.498
600 68.0 20.774 4.923
612 68.0 21.132 5.193
624 68.0 21.488 6.228
636 68.0 21.649 6.721
648 68.0 21.970 7.514
660 68.0 22.234 7.931
672 68.0 22.528 8.636
684 68.0 23.006 9.257
696 68.0 23.281 10.112
708 68.0 23.687 10.477
720 68.0 24.213 11.344
732 68.0 24.572 11.748
744 68.0 25.390 12.435
756 68.0 25.542 12.987
768 68.0 25.970 13.882
780 68.0 26.500 14.341
600 20.0 12.776 -14.704
612 20.0 13.246 -14.229
624 20.0 13.503 -13.746
636 20.0 13.715 -13.301
648 20.0 13.930 -12.460
660 20.0 14.349 -12.282
672 20.0 14.350 -11.677
684 20.0 15.096 -10.127
696 20.0 15.981 -8.565
708 20.0 16.794 -7.181
720 20.0 17.474 -6.184
732 20.0 18.203 -4.982
744 20.0 18.571 -3.845
756 20.0 18.674 -2.876
768 20.0 19.228 -1.915
780 20.0 19.684 -1.296
792 20.0 20.073 -1.016
804 20.0 20.450 -0.872
816 20.0 20.502 -0.545
828 20.0 20.962 -0.121
600 73.0 11.016 -14.429
612 73.0 11.141 -14.269
624 73.0 11.312 -14.249
636 73.0 11.105 -13.847
648 73.0 11.392 -13.577
660 73.0 11.422 -13.280
672 73.0 11.747 -12.906
684 73.0 12.495 -11.364
696 73.0 13.178 -10.371
708 73.0 13.846 -9.089
720 73.0 14.674 -8.162
732 73.0 15.581 -7.366
744 73.0 16.312 -6.573
756 73.0 16.711 -5.809
768 73.0 17.051 -4.833
780 73.0 17.267 -4.003
792 73.0 17.442 -3.856
804 73.0 17.303 -3.530
816 73.0 17.626 -3.106
828 73.0 17.533 -2.826
648 57.0 57.205 -5.333
660 57.0 57.280 -5.883
672 57.0 57.498 -6.311
684 57.0 57.313 -5.954
696 57.0 56.601 -5.506
708 57.0 56.097 -5.369
720 57.0 55.675 -4.751
732 57.0 55.425 -4.399
744 57.0 54.935 -3.454
756 57.0 54.581 -3.337
768 57.0 54.862 -3.052
780 57.0 54.739 -3.384
792 57.0 54.615 -3.199
804 57.0 54.837 -3.440
816 57.0 54.957 -4.015
828 57.0 54.809 -4.438
840 57.0 55.004 -4.915
852 57.0 55.017 -5.227
864 57.0 55.102 -5.807
876 57.0 54.982 -6.075
672 5.0 4.827 -27.397
684 5.0 5.842 -25.534
696 5.0 7.395 -22.829
708 5.0 8.271 -21.193
720 5.0 9.711 -19.414
732 5.0 10.462 -17.680
744 5.0 11.038 -16.410
756 5.0 12.244 -14.868
768 5.0 12.882 -13.638
780 5.0 13.242 -12.845
792 5.0 13.157 -12.890
804 5.0 13.623 -13.143
816 5.0 13.647 -12.884
828 5.0 13.533 -12.278
840 5.0 13.679 -11.485
852 5.0 13.922 -11.051
864 5.0 13.725 -10.434
876 5.0 13.956 -9.827
888 5.0 14.101 -9.342
900 5.0 14.209 -8.921
672 6.0 7.761 -28.753
684 6.0 7.735 -26.501
696 6.0 8.749 -23.515
708 6.0 9.977 -22.248
720 6.0 11.476 -20.220
732 6.0 11.826 -18.800
744 6.0 12.730 -17.243
756 6.0 13.805 -15.748
768 6.0 14.142 -14.307
780 6.0 14.466 -13.892
792 6.0 14.367 -13.656
804 6.0 14.434 -13.634
816 6.0 14.539 -13.188
828 6.0 14.749 -12.791
840 6.0 15.206 -12.284
852 6.0 15.343 -11.749
864 6.0 15.520 -11.204
876 6.0 15.892 -10.650
888 6.0 15.798 -10.073
900 6.0 16.193 -9.673
672 7.0 4.006 -25.661
684 7.0 4.888 -23.406
696 7.0 6.577 -20.849
708 7.0 7.738 -18.843
720 7.0 8.563 -16.897
732 7.0 9.486 -15.709
744 7.0 10.402 -14.503
756 7.0 11.444 -12.974
768 7.0 12.370 -11.567
780 7.0 12.701 -10.978
792 7.0 12.683 -10.742
804 7.0 12.807 -10.476
816 7.0 13.033 -10.092
828 7.0 13.497 -9.363
840 7.0 13.930 -8.895
852 7.0 14.241 -8.393
864 7.0 14.542 -7.774
876 7.0 14.690 -7.167
888 7.0 14.889 -6.723
900 7.0 15.066 -6.179
672 29.0 9.293 -20.488
684 29.0 10.237 -18.981
696 29.0 11.052 -16.739
708 29.0 12.375 -14.587
720 29.0 13.312 -12.912
732 29.0 13.901 -11.115
744 29.0 14.820 -9.829
756 29.0 15.966 -8.690
768 29.0 16.296 -7.760
780 29.0 16.994 -7.978
792 29.0 16.719 -7.108
804 29.0 17.945 -7.340
816 29.0 18.032 -7.014
828 29.0 18.171 -6.164
840 29.0 18.390 -5.093
852 29.0 18.786 -4.667
864 29.0 19.028 -4.270
876 29.0 19.446 -3.911
888 29.0 20.213 -3.655
900 29.0 20.089 -3.288
672 74.0 2.709 -20.974
684 74.0 3.419 -19.671
696 74.0 3.877 -18.109
708 74.0 4.589 -17.042
720 74.0 5.578 -15.527
732 74.0 6.261 -14.314
744 74.0 6.762 -13.162
756 74.0 7.199 -12.991
768 74.0 7.148 -12.759
780 74.0 7.349 -12.592
792 74.0 7.389 -12.151
804 74.0 7.455 -11.646
816 74.0 7.453 -11.646
828 74.0 7.697 -11.382
840 74.0 7.919 -10.980
852 74.0 7.860 -10.777
864 74.0 8.038 -10.267
876 74.0 8.351 -10.185
888 74.0 8.496 -9.744
900 74.0 8.711 -9.470
684 10.0 22.123 1.139
696 10.0 22.273 0.882
708 10.0 22.693 0.776
720 10.0 22.980 0.864
732 10.0 23.043 1.235
744 10.0 23.296 1.557
756 10.0 23.592 1.835
768 10.0 23.457 1.934
780 10.0 23.156 1.520
792 10.0 23.576 1.304
804 10.0 23.769 0.662
816 10.0 23.593 -0.164
828 10.0 23.243 -0.024
840 10.0 22.839 0.134
852 10.0 21.933 0.317
864 10.0 21.793 0.394
876 10.0 21.260 0.126
888 10.0 21.385 -0.239
900 10.0 21.903 -0.648
912 10.0 21.404 -1.052
684 17.0 22.508 -0.649
696 17.0 22.552 -0.807
708 17.0 22.535 -0.703
720 17.0 22.786 -0.282
732 17.0 23.474 0.168
744 17.0 23.446 0.308
756 17.0 23.774 0.970
768 17.0 23.540 0.686
780 17.0 23.521 0.282
792 17.0 22.999 -0.048
804 17.0 23.186 -0.235
816 17.0 22.978 -0.265
828 17.0 22.775 -0.534
840 17.0 22.680 -0.828
852 17.0 22.167 -0.939
864 17.0 22.154 -1.076
876 17.0 22.031 -1.324
888 17.0 21.644 -1.510
900 17.0 21.079 -1.504
912 17.0 20.894 -1.716
684 40.0 23.429 0.321
696 40.0 23.754 0.234
708 40.0 23.848 0.048
720 40.0 24.210 0.375
732 40.0 24.428 0.549
744 40.0 24.545 0.871
756 40.0 24.897 1.210
768 40.0 24.822 0.813
780 40.0 24.875 0.614
792 40.0 25.037 0.462
804 40.0 24.818 -0.179
816 40.0 24.330 -0.550
828 40.0 24.059 -0.500
840 40.0 23.821 -0.740
852 40.0 23.380 -0.995
864 40.0 23.408 -1.096
876 40.0 23.372 -0.847
888 40.0 22.654 -1.273
900 40.0 23.261 -1.442
912 40.0 22.774 -1.592
684 43.0 24.169 -1.744
696 43.0 23.991 -1.767
708 43.0 24.365 -1.655
720 43.0 24.267 -1.152
732 43.0 24.569 -0.680
744 43.0 24.371 -0.028
756 43.0 24.748 0.278
768 43.0 24.782 0.096
780 43.0 24.597 -0.259
792 43.0 24.654 -0.488
804 43.0 24.370 -0.891
816 43.0 24.125 -0.988
828 43.0 24.084 -1.039
840 43.0 23.833 -1.428
852 43.0 23.506 -1.759
864 43.0 22.798 -1.713
876 43.0 22.939 -1.930
888 43.0 23.167 -2.465
900 43.0 22.821 -2.987
912 43.0 22.488 -2.999
696 24.0 53.996 -5.854
708 24.0 53.290 -4.554
720 24.0 52.706 -3.247
732 24.0 52.676 -1.983
744 24.0 52.133 -0.782
756 24.0 51.740 0.141
768 24.0 51.884 0.499
780 24.0 51.732 0.834
792 24.0 51.318 1.508
804 24.0 50.893 2.267
816 24.0 50.835 2.322
828 24.0 50.748 2.243
840 24.0 50.729 2.587
852 24.0 50.290 2.487
864 24.0 50.102 2.526
876 24.0 49.923 2.639
888 24.0 50.083 2.803
900 24.0 49.701 2.881
912 24.0 49.668 3.486
924 24.0 49.586 3.837
696 70.0 11.136 -9.411
708 70.0 11.376 -8.967
720 70.0 11.558 -8.471
732 70.0 11.952 -8.067
744 70.0 12.124 -7.605
756 70.0 12.273 -7.425
768 70.0 12.309 -7.157
780 70.0 12.373 -6.856
792 70.0 12.570 -7.018
804 70.0 12.308 -7.267
816 70.0 12.372 -7.307
828 70.0 12.257 -7.481
840 70.0 12.315 -7.566
852 70.0 12.056 -7.750
864 70.0 12.196 -7.698
876 70.0 12.152 -7.839
888 70.0 11.852 -7.978
900 70.0 11.870 -8.172
912 70.0 11.738 -8.311
924 70.0 11.587 -8.759
768 0.0 9.994 -18.463
780 0.0 10.535 -18.114
792 0.0 10.846 -18.031
804 0.0 11.241 -18.052
816 0.0 11.759 -17.588
828 0.0 12.458 -15.689
840 0.0 13.027 -15.166
852 0.0 13.278 -15.644
864 0.0 13.469 -15.986
876 0.0 13.820 -15.990
888 0.0 14.397 -15.838
900 0.0 14.771 -15.669
912 0.0 14.689 -15.695
924 0.0 14.544 -15.650
936 0.0 15.221 -15.646
948 0.0 15.870 -15.857
960 0.0 16.424 -15.924
972 0.0 16.961 -15.776
984 0.0 17.423 -15.597
996 0.0 17.518 -16.305
780 21.0 21.770 23.867
792 21.0 20.449 24.412
804 21.0 20.259 24.802
816 21.0 19.542 24.803
828 21.0 18.960 25.197
840 21.0 18.526 25.462
852 21.0 18.000 25.432
864 21.0 17.197 25.847
876 21.0 16.730 26.115
888 21.0 16.448 26.191
900 21.0 15.918 26.618
912 21.0 15.487 26.794
924 21.0 14.851 27.348
936 21.0 14.327 27.573
948 21.0 13.665 27.985
960 21.0 12.960 28.407
972 21.0 12.161 28.644
984 21.0 11.614 29.053
996 21.0 10.824 29.463
1008 21.0 10.197 29.835
792 4.0 16.875 -13.631
804 4.0 16.699 -14.195
816 4.0 16.693 -14.437
828 4.0 16.491 -14.313
840 4.0 16.306 -14.056
852 4.0 16.103 -13.821
864 4.0 16.020 -13.814
876 4.0 15.740 -13.918
888 4.0 15.310 -13.677
900 4.0 15.110 -13.731
912 4.0 14.925 -13.781
924 4.0 14.557 -13.639
936 4.0 14.267 -13.759
948 4.0 14.276 -13.843
960 4.0 14.156 -14.045
972 4.0 13.876 -14.253
984 4.0 13.742 -14.507
996 4.0 13.573 -15.253
1008 4.0 13.123 -15.954
1020 4.0 12.455 -18.217
792 14.0 13.482 -7.292
804 14.0 13.484 -6.884
816 14.0 13.543 -6.492
828 14.0 13.507 -6.439
840 14.0 13.515 -6.186
852 14.0 13.193 -5.666
864 14.0 13.171 -5.182
876 14.0 13.371 -4.459
888 14.0 13.635 -4.256
900 14.0 13.926 -3.603
912 14.0 14.219 -3.065
924 14.0 14.367 -2.661
936 14.0 14.677 -2.481
948 14.0 14.630 -2.540
960 14.0 14.740 -2.548
972 14.0 14.749 -2.670
984 14.0 14.989 -2.697
996 14.0 15.090 -2.624
1008 14.0 15.234 -3.095
1020 14.0 15.107 -3.596
792 28.0 8.618 28.877
804 28.0 8.271 29.517
816 28.0 7.977 29.694
828 28.0 7.575 29.822
840 28.0 7.067 30.503
852 28.0 7.132 30.929
864 28.0 6.110 31.331
876 28.0 6.154 31.828
888 28.0 5.843 32.139
900 28.0 5.019 32.618
912 28.0 4.370 32.918
924 28.0 3.558 33.440
936 28.0 3.174 33.600
948 28.0 2.819 33.642
960 28.0 1.949 34.164
972 28.0 1.575 35.014
984 28.0 0.903 34.706
996 28.0 0.364 35.561
1008 28.0 -0.833 35.669
1020 28.0 -1.538 36.734
792 33.0 16.742 -3.397
804 33.0 16.802 -3.121
816 33.0 16.818 -2.769
828 33.0 16.922 -2.394
840 33.0 17.103 -2.093
852 33.0 17.027 -1.796
864 33.0 17.216 -1.494
876 33.0 17.330 -1.216
888 33.0 17.514 -0.856
900 33.0 17.528 -0.680
912 33.0 17.569 -0.618
924 33.0 17.667 -0.509
936 33.0 17.829 -0.419
948 33.0 17.737 -0.362
960 33.0 17.729 -0.120
972 33.0 17.940 -0.113
984 33.0 17.973 -0.045
996 33.0 18.047 0.176
1008 33.0 18.104 0.149
1020 33.0 18.334 -0.104
792 37.0 18.869 -3.982
804 37.0 18.874 -3.641
816 37.0 18.888 -3.219
828 37.0 19.263 -2.868
840 37.0 19.212 -2.617
852 37.0 19.379 -2.120
864 37.0 19.418 -1.872
876 37.0 19.465 -1.509
888 37.0 19.430 -1.273
900 37.0 19.676 -1.065
912 37.0 19.676 -1.066
924 37.0 19.629 -0.969
936 37.0 19.728 -0.926
948 37.0 19.703 -0.840
960 37.0 19.938 -0.755
972 37.0 19.820 -0.640
984 37.0 19.913 -0.695
996 37.0 19.909 -0.672
1008 37.0 19.648 -0.604
1020 37.0 19.416 -0.813
792 47.0 23.276 3.435
804 47.0 23.457 3.866
816 47.0 23.599 4.226
828 47.0 23.953 4.836
840 47.0 24.294 5.413
852 47.0 24.499 5.595
864 47.0 24.342 6.140
876 47.0 24.491 6.665
888 47.0 24.654 6.936
900 47.0 25.543 6.885
912 47.0 25.736 7.169
924 47.0 25.689 7.680
936 47.0 25.797 7.875
948 47.0 25.906 8.111
960 47.0 26.210 8.294
972 47.0 26.321 8.846
984 47.0 26.481 9.177
996 47.0 26.463 10.007
1008 47.0 26.586 10.126
1020 47.0 26.669 10.514
792 51.0 24.849 2.823
804 51.0 24.997 3.131
816 51.0 24.990 3.716
828 51.0 25.305 4.144
840 51.0 25.545 4.465
852 51.0 25.866 4.619
864 51.0 26.322 5.500
876 51.0 26.060 5.794
888 51.0 25.774 6.342
900 51.0 25.959 6.773
912 51.0 26.561 6.935
924 51.0 27.071 7.031
936 51.0 27.169 7.153
948 51.0 27.352 7.635
960 51.0 27.411 7.812
972 51.0 27.866 8.021
984 51.0 27.909 8.520
996 51.0 28.160 9.016
1008 51.0 28.172 9.276
1020 51.0 28.311 9.380
