60 15.0 25.966 -9.622
72 15.0 25.509 -8.831
84 15.0 25.411 -8.075
96 15.0 24.956 -6.990
108 15.0 24.794 -6.230
120 15.0 24.132 -5.576
132 15.0 23.731 -4.691
144 15.0 23.725 -4.378
156 15.0 23.459 -3.728
168 15.0 23.190 -3.316
180 15.0 23.270 -3.148
192 15.0 23.067 -2.673
204 15.0 22.576 -2.297
216 15.0 22.652 -1.999
228 15.0 22.323 -1.340
240 15.0 22.130 -0.907
252 15.0 21.961 -0.745
264 15.0 21.963 -0.189
276 15.0 21.247 0.902
288 15.0 20.800 1.460
60 39.0 9.244 19.789
72 39.0 9.303 19.666
84 39.0 9.283 19.859
96 39.0 9.330 19.994
108 39.0 9.346 19.928
120 39.0 9.471 19.932
132 39.0 9.456 19.889
144 39.0 9.540 19.915
156 39.0 9.614 19.883
168 39.0 9.609 19.998
180 39.0 9.828 19.865
192 39.0 9.722 19.866
204 39.0 9.691 19.935
216 39.0 9.842 19.774
228 39.0 9.649 19.830
240 39.0 9.719 19.901
252 39.0 9.575 19.926
264 39.0 9.639 19.723
276 39.0 9.771 19.976
288 39.0 9.553 19.871
72 30.0 1.360 27.382
84 30.0 1.518 27.357
96 30.0 2.123 27.746
108 30.0 2.348 27.987
120 30.0 2.811 27.765
132 30.0 3.203 28.165
144 30.0 3.610 28.112
156 30.0 3.828 28.260
168 30.0 4.626 28.629
180 30.0 4.996 28.848
192 30.0 5.445 29.120
204 30.0 5.868 29.010
216 30.0 6.448 29.297
228 30.0 6.596 29.642
240 30.0 7.050 29.818
252 30.0 7.874 30.277
264 30.0 8.220 30.500
276 30.0 8.600 30.600
288 30.0 9.147 30.796
300 30.0 9.742 31.130
72 31.0 1.141 24.711
84 31.0 1.328 24.930
96 31.0 1.804 25.087
108 31.0 2.000 25.105
120 31.0 2.334 25.365
132 31.0 2.604 25.569
144 31.0 3.209 25.778
156 31.0 3.657 26.085
168 31.0 4.182 26.215
180 31.0 4.471 26.223
192 31.0 4.969 26.569
204 31.0 5.622 26.488
216 31.0 6.113 26.900
228 31.0 6.567 27.272
240 31.0 6.699 27.569
252 31.0 7.184 27.631
264 31.0 7.605 27.690
276 31.0 8.022 27.857
288 31.0 8.076 28.170
300 31.0 8.877 28.141
72 32.0 0.339 25.765
84 32.0 0.764 25.981
96 32.0 0.930 26.211
108 32.0 1.398 26.397
120 32.0 1.913 26.717
132 32.0 2.234 26.669
144 32.0 2.516 27.090
156 32.0 3.114 27.101
168 32.0 3.544 27.134
180 32.0 3.771 27.512
192 32.0 4.563 27.466
204 32.0 4.601 27.844
216 32.0 5.428 27.917
228 32.0 5.916 28.071
240 32.0 6.367 28.313
252 32.0 6.636 28.642
264 32.0 7.034 28.917
276 32.0 7.315 29.184
288 32.0 7.888 29.347
300 32.0 8.421 29.621
72 55.0 8.191 26.165
84 55.0 7.883 25.554
96 55.0 7.677 25.701
108 55.0 7.423 25.570
120 55.0 7.112 25.381
132 55.0 6.997 24.773
144 55.0 6.879 24.690
156 55.0 6.354 24.343
168 55.0 6.222 24.360
180 55.0 5.924 24.209
192 55.0 5.453 23.784
204 55.0 5.275 23.537
216 55.0 4.635 23.252
228 55.0 4.298 23.295
240 55.0 4.122 22.859
252 55.0 4.256 22.753
264 55.0 3.487 22.453
276 55.0 3.304 22.289
288 55.0 2.998 22.459
300 55.0 2.751 22.000
72 57.0 9.563 24.568
84 57.0 9.107 24.572
96 57.0 8.977 24.397
108 57.0 8.923 24.060
120 57.0 8.523 23.932
132 57.0 8.255 23.641
144 57.0 8.197 23.540
156 57.0 7.832 23.371
168 57.0 7.619 23.017
180 57.0 7.177 22.738
192 57.0 7.047 22.435
204 57.0 6.736 22.369
216 57.0 6.522 21.996
228 57.0 6.215 21.770
240 57.0 5.963 21.517
252 57.0 5.572 21.227
264 57.0 5.409 21.173
276 57.0 5.111 21.008
288 57.0 4.691 20.939
300 57.0 4.488 20.597
72 67.0 1.916 25.855
84 67.0 2.155 26.095
96 67.0 2.562 26.251
108 67.0 2.934 26.298
120 67.0 3.300 26.515
132 67.0 3.745 26.639
144 67.0 4.071 26.716
156 67.0 4.404 26.959
168 67.0 5.056 26.967
180 67.0 5.438 27.064
192 67.0 6.035 27.209
204 67.0 6.627 27.428
216 67.0 7.121 27.669
228 67.0 7.631 27.754
240 67.0 8.157 28.007
252 67.0 8.536 28.261
264 67.0 8.902 28.615
276 67.0 9.307 28.750
288 67.0 9.700 29.062
300 67.0 10.154 29.298
84 63.0 4.257 20.873
96 63.0 3.988 21.351
108 63.0 3.866 21.467
120 63.0 3.659 22.070
132 63.0 3.323 22.269
144 63.0 3.188 22.769
156 63.0 2.987 23.172
168 63.0 2.493 23.867
180 63.0 2.394 24.535
192 63.0 2.452 24.523
204 63.0 2.385 25.040
216 63.0 2.452 25.326
228 63.0 2.287 25.550
240 63.0 2.446 26.255
252 63.0 2.513 26.405
264 63.0 2.547 26.649
276 63.0 2.229 27.389
288 63.0 2.076 27.794
300 63.0 2.270 28.016
312 63.0 2.078 28.434
96 6.0 -22.438 29.922
108 6.0 -22.243 28.743
120 6.0 -22.661 28.537
132 6.0 -22.856 28.121
144 6.0 -23.095 28.064
156 6.0 -23.277 27.668
168 6.0 -23.278 27.818
180 6.0 -23.213 27.730
192 6.0 -23.231 27.926
204 6.0 -23.357 27.761
216 6.0 -23.348 27.700
228 6.0 -23.586 27.811
240 6.0 -23.375 27.677
252 6.0 -23.391 27.667
264 6.0 -23.691 27.739
276 6.0 -23.739 27.561
288 6.0 -23.713 27.442
300 6.0 -23.723 27.505
312 6.0 -23.799 27.573
324 6.0 -23.756 27.612
108 41.0 -18.971 30.561
120 41.0 -19.337 30.278
132 41.0 -19.521 30.282
144 41.0 -19.963 30.121
156 41.0 -19.846 30.019
168 41.0 -20.094 30.122
180 41.0 -20.162 29.951
192 41.0 -20.175 29.967
204 41.0 -20.148 30.012
216 41.0 -20.349 29.967
228 41.0 -20.249 29.869
240 41.0 -20.274 29.872
252 41.0 -20.278 29.741
264 41.0 -20.120 29.787
276 41.0 -20.122 29.844
288 41.0 -20.286 29.591
300 41.0 -20.191 29.832
312 41.0 -20.256 29.720
324 41.0 -20.274 29.806
336 41.0 -20.238 29.643
120 24.0 -27.181 10.354
132 24.0 -26.738 10.451
144 24.0 -26.704 10.361
156 24.0 -26.411 10.528
168 24.0 -26.059 10.795
180 24.0 -25.542 10.684
192 24.0 -25.214 10.878
204 24.0 -25.173 11.041
216 24.0 -24.914 11.171
228 24.0 -24.527 11.331
240 24.0 -24.016 11.389
252 24.0 -23.623 11.496
264 24.0 -23.680 11.840
276 24.0 -23.352 11.921
288 24.0 -22.751 11.977
300 24.0 -22.441 12.130
312 24.0 -22.238 12.284
324 24.0 -21.938 12.230
336 24.0 -21.537 12.452
348 24.0 -21.333 12.672
120 27.0 -27.768 11.750
132 27.0 -27.618 11.620
144 27.0 -27.119 11.631
156 27.0 -26.780 11.715
168 27.0 -26.589 11.830
180 27.0 -26.319 11.630
192 27.0 -25.951 11.648
204 27.0 -25.629 11.927
216 27.0 -25.344 12.118
228 27.0 -25.012 12.339
240 27.0 -24.697 12.401
252 27.0 -24.377 12.453
264 27.0 -23.987 12.680
276 27.0 -23.925 12.858
288 27.0 -23.260 12.866
300 27.0 -23.081 13.006
312 27.0 -22.815 13.184
324 27.0 -22.643 13.235
336 27.0 -22.024 13.444
348 27.0 -21.703 13.625
120 48.0 -11.708 28.533
132 48.0 -11.428 28.030
144 48.0 -11.132 27.218
156 48.0 -10.798 26.260
168 48.0 -10.863 25.962
180 48.0 -10.233 25.171
192 48.0 -9.987 24.331
204 48.0 -9.738 23.832
216 48.0 -9.675 23.451
228 48.0 -9.417 22.596
240 48.0 -9.160 22.417
252 48.0 -9.235 21.589
264 48.0 -9.025 21.311
276 48.0 -9.109 20.646
288 48.0 -8.524 20.345
300 48.0 -8.425 20.116
312 48.0 -8.575 19.572
324 48.0 -8.027 18.939
336 48.0 -7.650 18.079
348 48.0 -7.499 17.590
120 49.0 -14.474 13.103
132 49.0 -13.893 12.962
144 49.0 -13.470 12.920
156 49.0 -13.007 12.913
168 49.0 -12.819 13.142
180 49.0 -12.211 13.443
192 49.0 -11.680 13.493
204 49.0 -11.394 13.853
216 49.0 -10.892 14.121
228 49.0 -10.599 14.502
240 49.0 -10.016 14.891
252 49.0 -9.578 15.125
264 49.0 -9.454 15.301
276 49.0 -9.051 15.797
288 49.0 -8.691 15.836
300 49.0 -8.337 15.839
312 49.0 -7.863 15.629
324 49.0 -7.536 15.371
336 49.0 -7.135 15.800
348 49.0 -6.776 15.769
120 68.0 -27.608 12.585
132 68.0 -27.610 12.836
144 68.0 -27.565 12.728
156 68.0 -26.969 12.907
168 68.0 -27.140 13.281
180 68.0 -26.578 13.219
192 68.0 -26.506 12.959
204 68.0 -26.078 13.379
216 68.0 -25.829 13.409
228 68.0 -25.641 13.648
240 68.0 -24.988 13.740
252 68.0 -24.511 13.664
264 68.0 -24.510 14.126
276 68.0 -23.706 14.067
288 68.0 -23.885 14.211
300 68.0 -23.655 14.470
312 68.0 -23.148 14.309
324 68.0 -22.677 14.564
336 68.0 -22.361 14.636
348 68.0 -21.805 14.810
144 21.0 -35.149 7.185
156 21.0 -34.731 7.511
168 21.0 -34.251 7.621
180 21.0 -33.729 7.721
192 21.0 -33.159 7.948
204 21.0 -32.484 8.377
216 21.0 -32.205 8.564
228 21.0 -31.606 8.742
240 21.0 -31.065 8.922
252 21.0 -30.727 9.196
264 21.0 -30.156 9.689
276 21.0 -29.781 9.800
288 21.0 -29.251 9.921
300 21.0 -28.495 10.112
312 21.0 -28.202 10.501
324 21.0 -27.746 10.607
336 21.0 -27.180 10.771
348 21.0 -26.931 11.328
360 21.0 -26.337 11.531
372 21.0 -25.808 11.795
180 53.0 -5.128 36.689
192 53.0 -5.296 37.241
204 53.0 -5.182 37.802
216 53.0 -5.217 38.341
228 53.0 -5.189 38.648
240 53.0 -5.332 39.294
252 53.0 -5.293 39.981
264 53.0 -5.358 39.852
276 53.0 -5.428 40.871
288 53.0 -5.375 41.519
300 53.0 -5.418 41.582
312 53.0 -5.153 42.065
324 53.0 -5.476 43.071
336 53.0 -5.306 43.155
348 53.0 -4.968 43.753
360 53.0 -5.482 44.368
372 53.0 -5.386 44.772
384 53.0 -5.571 45.309
396 53.0 -5.397 45.698
408 53.0 -5.558 46.654
216 45.0 -12.810 37.880
228 45.0 -12.881 37.237
240 45.0 -13.029 36.550
252 45.0 -13.142 36.013
264 45.0 -13.165 35.600
276 45.0 -13.339 35.158
288 45.0 -13.338 34.645
300 45.0 -13.367 34.294
312 45.0 -13.428 33.891
324 45.0 -13.474 33.451
336 45.0 -13.466 32.916
348 45.0 -13.490 32.201
360 45.0 -13.630 31.801
372 45.0 -13.446 31.079
384 45.0 -13.285 30.613
396 45.0 -13.005 30.020
408 45.0 -13.003 29.529
420 45.0 -13.164 28.947
432 45.0 -13.370 28.397
444 45.0 -13.508 27.853
228 12.0 -37.737 2.737
240 12.0 -37.667 2.587
252 12.0 -36.882 3.257
264 12.0 -36.354 3.949
276 12.0 -36.134 4.176
288 12.0 -35.725 3.957
300 12.0 -35.768 4.086
312 12.0 -35.322 3.831
324 12.0 -34.850 4.436
336 12.0 -34.225 4.746
348 12.0 -33.922 4.136
360 12.0 -33.667 4.479
372 12.0 -33.209 4.718
384 12.0 -32.310 5.244
396 12.0 -32.008 5.452
408 12.0 -31.987 5.027
420 12.0 -31.777 4.881
432 12.0 -31.096 4.630
444 12.0 -30.842 4.722
456 12.0 -30.712 5.135
228 50.0 -37.631 2.159
240 50.0 -37.128 1.796
252 50.0 -36.819 1.887
264 50.0 -36.245 2.277
276 50.0 -35.625 2.637
288 50.0 -35.287 2.629
300 50.0 -34.932 2.906
312 50.0 -34.304 3.300
324 50.0 -33.914 3.314
336 50.0 -33.427 3.752
348 50.0 -32.921 3.719
360 50.0 -32.619 4.040
372 50.0 -32.061 4.295
384 50.0 -31.678 4.552
396 50.0 -31.333 4.456
408 50.0 -31.604 4.062
420 50.0 -31.275 4.009
432 50.0 -30.851 4.121
444 50.0 -30.421 4.077
456 50.0 -29.970 4.084
276 59.0 13.154 28.347
288 59.0 13.279 27.224
300 59.0 12.601 26.724
312 59.0 12.091 26.175
324 59.0 12.134 25.936
336 59.0 11.623 25.484
348 59.0 11.157 25.123
360 59.0 10.753 24.936
372 59.0 10.368 24.764
384 59.0 9.923 24.275
396 59.0 9.559 24.046
408 59.0 8.938 23.370
420 59.0 8.702 23.106
432 59.0 7.895 22.977
444 59.0 7.242 22.620
456 59.0 6.744 22.499
468 59.0 6.243 21.783
480 59.0 5.762 21.056
492 59.0 5.521 21.202
504 59.0 5.374 20.842
276 61.0 13.826 -14.570
288 61.0 13.815 -15.177
300 61.0 13.837 -15.499
312 61.0 13.614 -16.195
324 61.0 13.369 -16.374
336 61.0 13.453 -16.743
348 61.0 13.275 -17.082
360 61.0 13.306 -17.190
372 61.0 13.537 -17.023
384 61.0 13.422 -16.879
396 61.0 13.309 -16.614
408 61.0 13.450 -16.212
420 61.0 13.480 -16.107
432 61.0 13.116 -16.146
444 61.0 13.583 -15.750
456 61.0 13.430 -15.577
468 61.0 13.597 -15.445
480 61.0 13.550 -15.182
492 61.0 13.552 -14.927
504 61.0 13.408 -14.831
300 16.0 20.475 1.882
312 16.0 20.095 2.442
324 16.0 19.738 3.000
336 16.0 19.584 3.477
348 16.0 19.087 3.879
360 16.0 19.041 4.297
372 16.0 18.660 4.874
384 16.0 18.389 5.151
396 16.0 18.120 5.974
408 16.0 17.943 6.259
420 16.0 17.688 6.559
432 16.0 17.197 7.187
444 16.0 17.092 7.638
456 16.0 16.768 8.307
468 16.0 16.464 8.632
480 16.0 16.159 9.120
492 16.0 15.900 9.388
504 16.0 15.665 9.999
516 16.0 15.483 10.252
528 16.0 15.408 10.674
300 40.0 9.869 19.720
312 40.0 9.886 19.881
324 40.0 9.663 19.743
336 40.0 9.642 20.022
348 40.0 9.821 19.645
360 40.0 9.759 19.734
372 40.0 9.499 20.005
384 40.0 9.863 19.771
396 40.0 9.901 19.278
408 40.0 9.834 19.403
420 40.0 9.974 18.798
432 40.0 10.011 18.762
444 40.0 10.014 18.638
456 40.0 9.717 18.907
468 40.0 10.071 18.786
480 40.0 9.724 18.765
492 40.0 9.919 18.676
504 40.0 9.931 18.472
516 40.0 9.854 18.568
528 40.0 9.863 18.424
312 56.0 2.570 21.943
324 56.0 2.380 21.546
336 56.0 1.941 21.441
348 56.0 1.714 21.014
360 56.0 1.498 20.647
372 56.0 1.066 20.463
384 56.0 0.739 20.133
396 56.0 0.521 19.866
408 56.0 0.187 19.595
420 56.0 -0.146 19.253
432 56.0 -0.381 18.872
444 56.0 -0.611 18.616
456 56.0 -0.935 18.134
468 56.0 -1.296 17.932
480 56.0 -1.594 17.563
492 56.0 -1.939 17.197
504 56.0 -2.093 16.715
516 56.0 -1.888 16.412
528 56.0 -1.909 15.813
540 56.0 -1.932 15.205
312 58.0 4.120 20.414
324 58.0 3.884 20.049
336 58.0 3.537 19.877
348 58.0 3.210 19.680
360 58.0 2.827 19.333
372 58.0 2.508 19.057
384 58.0 2.147 18.727
396 58.0 1.896 18.543
408 58.0 1.573 18.319
420 58.0 1.326 17.934
432 58.0 1.059 17.760
444 58.0 0.773 17.280
456 58.0 0.529 16.912
468 58.0 0.234 16.760
480 58.0 0.083 16.480
492 58.0 -0.270 16.133
504 58.0 -0.435 15.822
516 58.0 -0.468 15.488
528 58.0 -0.520 15.127
540 58.0 -0.639 14.916
324 64.0 1.992 29.025
336 64.0 1.937 29.260
348 64.0 1.726 29.658
360 64.0 1.774 30.016
372 64.0 1.644 30.277
384 64.0 1.584 30.523
396 64.0 1.409 30.712
408 64.0 1.342 30.775
420 64.0 1.278 30.634
432 64.0 1.380 30.685
444 64.0 1.345 30.929
456 64.0 1.374 30.545
468 64.0 1.253 30.507
480 64.0 1.016 30.214
492 64.0 1.107 30.504
504 64.0 1.254 30.428
516 64.0 1.262 30.311
528 64.0 1.549 30.362
540 64.0 1.206 30.333
552 64.0 1.289 30.314
336 7.0 -23.701 27.585
348 7.0 -23.495 27.705
360 7.0 -23.366 27.764
372 7.0 -22.802 28.011
384 7.0 -23.103 27.786
396 7.0 -23.664 27.126
408 7.0 -23.949 26.385
420 7.0 -23.875 26.287
432 7.0 -23.964 26.244
444 7.0 -24.144 26.351
456 7.0 -24.133 26.368
468 7.0 -24.147 26.161
480 7.0 -24.041 26.324
492 7.0 -23.964 26.173
504 7.0 -24.008 26.105
516 7.0 -23.864 26.260
528 7.0 -23.654 26.236
540 7.0 -23.416 26.351
552 7.0 -23.282 26.503
564 7.0 -23.046 26.638
348 42.0 -20.248 29.897
360 42.0 -19.735 29.655
372 42.0 -19.946 29.465
384 42.0 -19.548 29.386
396 42.0 -19.953 29.262
408 42.0 -20.416 28.659
420 42.0 -20.815 28.172
432 42.0 -20.877 28.195
444 42.0 -20.863 28.348
456 42.0 -21.069 28.095
468 42.0 -21.093 28.252
480 42.0 -21.181 28.368
492 42.0 -20.950 28.061
504 42.0 -20.872 28.121
516 42.0 -21.130 28.183
528 42.0 -20.895 28.458
540 42.0 -20.584 28.165
552 42.0 -20.284 28.429
564 42.0 -20.477 28.440
576 42.0 -20.105 28.543
360 25.0 -20.809 12.823
372 25.0 -20.606 12.806
384 25.0 -20.129 12.855
396 25.0 -19.749 13.320
408 25.0 -19.414 13.268
420 25.0 -19.084 13.357
432 25.0 -18.832 13.515
444 25.0 -18.379 13.750
456 25.0 -17.890 13.782
468 25.0 -17.626 13.872
480 25.0 -17.280 13.944
492 25.0 -17.108 14.252
504 25.0 -16.483 14.312
516 25.0 -16.006 14.523
528 25.0 -15.534 14.845
540 25.0 -15.140 15.126
552 25.0 -14.794 15.278
564 25.0 -14.264 15.447
576 25.0 -13.698 15.368
588 25.0 -13.321 15.569
360 28.0 -21.464 13.858
372 28.0 -21.069 13.815
384 28.0 -20.669 13.902
396 28.0 -20.421 14.158
408 28.0 -19.912 14.230
420 28.0 -19.649 14.494
432 28.0 -19.482 14.616
444 28.0 -19.078 14.741
456 28.0 -18.698 14.888
468 28.0 -18.210 14.811
480 28.0 -17.873 15.167
492 28.0 -17.739 15.273
504 28.0 -17.130 15.275
516 28.0 -16.839 15.525
528 28.0 -16.381 15.596
540 28.0 -15.836 15.922
552 28.0 -15.345 16.023
564 28.0 -14.883 16.131
576 28.0 -14.345 16.453
588 28.0 -13.908 16.508
360 62.0 12.051 4.088
372 62.0 12.345 3.319
384 62.0 12.616 2.610
396 62.0 12.705 2.070
408 62.0 12.882 1.743
420 62.0 13.116 1.330
432 62.0 13.358 0.972
444 62.0 13.826 0.176
456 62.0 14.196 -0.260
468 62.0 14.186 -0.613
480 62.0 14.552 -1.067
492 62.0 14.808 -1.299
504 62.0 15.163 -2.166
516 62.0 15.040 -2.485
528 62.0 15.862 -3.010
540 62.0 15.992 -3.258
552 62.0 16.473 -3.875
564 62.0 16.687 -4.504
576 62.0 16.891 -4.866
588 62.0 17.333 -5.440
360 69.0 -21.681 14.889
372 69.0 -21.128 14.991
384 69.0 -20.837 15.066
396 69.0 -20.467 15.219
408 69.0 -20.055 15.435
420 69.0 -19.822 15.490
432 69.0 -19.611 15.725
444 69.0 -19.244 15.583
456 69.0 -18.592 15.820
468 69.0 -18.518 16.101
480 69.0 -18.010 16.037
492 69.0 -17.602 16.370
504 69.0 -17.212 16.078
516 69.0 -16.984 16.434
528 69.0 -16.458 16.635
540 69.0 -16.163 17.070
552 69.0 -15.707 16.889
564 69.0 -15.230 17.206
576 69.0 -14.880 17.608
588 69.0 -14.117 17.687
384 22.0 -25.341 11.954
396 22.0 -24.914 11.832
408 22.0 -24.714 11.678
420 22.0 -24.422 11.437
432 22.0 -24.004 11.510
444 22.0 -23.686 11.354
456 22.0 -23.200 11.318
468 22.0 -22.713 11.499
480 22.0 -22.230 11.911
492 22.0 -22.048 12.353
504 22.0 -21.152 12.724
516 22.0 -20.871 12.704
528 22.0 -20.278 12.705
540 22.0 -19.978 13.610
552 22.0 -19.528 13.404
564 22.0 -18.722 13.942
576 22.0 -18.385 14.119
588 22.0 -17.737 14.418
600 22.0 -17.337 14.744
612 22.0 -16.818 15.263
420 54.0 -5.618 47.016
432 54.0 -5.676 47.463
444 54.0 -5.618 48.150
456 54.0 -5.790 48.682
468 54.0 -5.715 49.208
480 54.0 -5.972 49.762
492 54.0 -5.947 50.394
504 54.0 -5.777 50.755
516 54.0 -5.655 51.200
528 54.0 -5.482 51.614
540 54.0 -5.367 52.367
552 54.0 -5.160 52.914
564 54.0 -5.073 53.364
576 54.0 -4.963 53.839
588 54.0 -4.772 54.555
600 54.0 -4.685 54.976
612 54.0 -4.599 55.477
624 54.0 -4.331 55.961
636 54.0 -4.399 56.547
648 54.0 -4.132 57.060
456 46.0 -13.675 27.143
468 46.0 -13.788 26.607
480 46.0 -14.116 26.208
492 46.0 -14.123 25.524
504 46.0 -14.451 24.851
516 46.0 -14.864 24.514
528 46.0 -15.114 23.924
540 46.0 -15.640 23.744
552 46.0 -15.854 23.210
564 46.0 -16.394 22.841
576 46.0 -16.708 22.501
588 46.0 -16.961 22.027
600 46.0 -17.471 21.600
612 46.0 -17.819 21.249
624 46.0 -18.072 20.987
636 46.0 -18.362 20.324
648 46.0 -18.744 20.075
660 46.0 -18.669 20.012
672 46.0 -18.933 19.816
684 46.0 -18.958 19.588
468 13.0 -29.875 5.510
480 13.0 -29.539 5.638
492 13.0 -29.391 5.975
504 13.0 -28.849 5.966
516 13.0 -28.449 6.519
528 13.0 -27.968 6.644
540 13.0 -27.554 6.878
552 13.0 -27.089 7.081
564 13.0 -26.597 7.038
576 13.0 -26.104 7.530
588 13.0 -25.803 7.648
600 13.0 -25.306 7.888
612 13.0 -24.822 8.157
624 13.0 -24.239 8.438
636 13.0 -23.581 8.557
648 13.0 -23.111 9.036
660 13.0 -22.740 9.367
672 13.0 -21.997 9.722
684 13.0 -21.690 10.080
696 13.0 -20.876 10.183
468 51.0 -29.701 4.426
480 51.0 -29.167 4.421
492 51.0 -28.662 4.967
504 51.0 -28.487 4.967
516 51.0 -27.889 5.064
528 51.0 -27.199 5.579
540 51.0 -27.060 5.736
552 51.0 -26.363 5.888
564 51.0 -26.184 6.240
576 51.0 -25.769 6.672
588 51.0 -25.195 6.810
600 51.0 -24.802 6.994
612 51.0 -24.470 7.681
624 51.0 -23.859 7.843
636 51.0 -23.441 8.194
648 51.0 -22.747 8.521
660 51.0 -22.314 9.059
672 51.0 -21.667 9.290
684 51.0 -21.124 9.513
696 51.0 -20.656 9.845
516 60.0 4.566 20.484
528 60.0 4.019 20.150
540 60.0 3.665 19.999
552 60.0 3.233 19.530
564 60.0 2.678 19.262
576 60.0 2.351 19.027
588 60.0 1.883 18.394
600 60.0 1.494 18.132
612 60.0 1.183 17.842
624 60.0 0.840 17.559
636 60.0 0.439 17.373
648 60.0 0.007 16.896
660 60.0 -0.492 16.699
672 60.0 -0.732 16.444
684 60.0 -1.170 16.203
696 60.0 -1.482 16.167
708 60.0 -1.627 16.063
720 60.0 -1.903 16.062
732 60.0 -2.202 15.852
744 60.0 -2.268 15.664
540 17.0 15.103 10.911
552 17.0 14.702 11.625
564 17.0 14.469 12.069
576 17.0 13.953 12.141
588 17.0 13.636 12.116
600 17.0 13.307 12.565
612 17.0 12.525 12.587
624 17.0 12.118 12.916
636 17.0 11.547 12.820
648 17.0 10.871 12.891
660 17.0 10.525 13.036
672 17.0 9.848 13.381
684 17.0 9.309 13.820
696 17.0 8.802 14.141
708 17.0 8.420 14.502
720 17.0 7.675 14.980
732 17.0 7.059 15.398
744 17.0 6.673 15.678
756 17.0 6.146 16.418
768 17.0 5.828 16.620
564 65.0 1.295 30.224
576 65.0 1.222 30.179
588 65.0 1.306 30.307
600 65.0 1.394 30.306
612 65.0 1.682 30.103
624 65.0 1.268 30.177
636 65.0 1.759 30.284
648 65.0 1.660 30.187
660 65.0 1.476 30.260
672 65.0 1.508 30.130
684 65.0 1.672 30.303
696 65.0 1.778 29.988
708 65.0 1.748 30.091
720 65.0 1.701 30.064
732 65.0 1.712 29.889
744 65.0 1.755 29.961
756 65.0 1.807 30.021
768 65.0 1.696 29.969
780 65.0 1.824 29.733
792 65.0 1.706 29.977
576 8.0 -23.058 26.448
588 8.0 -22.797 26.842
600 8.0 -22.655 27.161
612 8.0 -22.304 26.997
624 8.0 -22.404 26.765
636 8.0 -22.130 27.299
648 8.0 -21.986 27.313
660 8.0 -21.851 27.315
672 8.0 -21.555 27.244
684 8.0 -21.319 27.525
696 8.0 -21.030 27.589
708 8.0 -21.219 27.766
720 8.0 -20.959 28.002
732 8.0 -20.667 27.921
744 8.0 -20.631 28.121
756 8.0 -20.244 28.099
768 8.0 -19.696 28.221
780 8.0 -19.954 28.508
792 8.0 -19.670 28.467
804 8.0 -19.717 28.538
588 43.0 -20.240 28.701
600 43.0 -19.729 28.706
612 43.0 -19.646 28.954
624 43.0 -19.518 28.755
636 43.0 -19.287 28.873
648 43.0 -19.203 29.038
660 43.0 -18.891 28.895
672 43.0 -18.726 29.212
684 43.0 -18.783 29.217
696 43.0 -18.488 29.327
708 43.0 -18.361 29.232
720 43.0 -18.254 29.371
732 43.0 -17.991 29.487
744 43.0 -17.715 29.642
756 43.0 -17.470 29.780
768 43.0 -17.143 29.866
780 43.0 -17.003 29.859
792 43.0 -16.861 30.028
804 43.0 -16.846 29.830
816 43.0 -16.678 29.975
600 26.0 -12.863 15.879
612 26.0 -12.408 16.012
624 26.0 -12.066 15.871
636 26.0 -11.459 16.610
648 26.0 -11.004 16.689
660 26.0 -10.187 16.786
672 26.0 -9.979 17.175
684 26.0 -9.945 17.652
696 26.0 -9.324 18.497
708 26.0 -8.610 18.951
720 26.0 -7.850 19.738
732 26.0 -7.417 20.202
744 26.0 -7.058 20.559
756 26.0 -6.430 21.124
768 26.0 -6.304 21.348
780 26.0 -5.872 21.405
792 26.0 -5.373 21.750
804 26.0 -4.798 21.659
816 26.0 -4.444 22.204
828 26.0 -3.905 21.899
600 29.0 -13.666 16.617
612 29.0 -12.818 16.960
624 29.0 -12.363 17.138
636 29.0 -11.938 17.315
648 29.0 -11.567 17.471
660 29.0 -11.028 17.615
672 29.0 -10.803 18.058
684 29.0 -10.399 18.860
696 29.0 -9.857 19.223
708 29.0 -9.211 20.245
720 29.0 -8.604 20.771
732 29.0 -8.129 21.122
744 29.0 -7.617 21.229
756 29.0 -7.175 21.805
768 29.0 -7.021 22.024
780 29.0 -6.418 22.369
792 29.0 -5.832 22.790
804 29.0 -5.213 22.716
816 29.0 -4.802 22.713
828 29.0 -4.208 23.041
600 70.0 -13.916 17.851
612 70.0 -13.405 18.058
624 70.0 -13.088 18.110
636 70.0 -12.557 18.293
648 70.0 -12.138 18.521
660 70.0 -11.661 18.685
672 70.0 -11.366 19.245
684 70.0 -11.104 19.777
696 70.0 -10.406 20.387
708 70.0 -9.561 21.133
720 70.0 -8.805 21.861
732 70.0 -8.480 22.047
744 70.0 -8.014 22.266
756 70.0 -7.684 22.568
768 70.0 -7.213 22.819
780 70.0 -6.868 23.231
792 70.0 -6.290 23.507
804 70.0 -5.911 23.661
816 70.0 -5.328 23.735
828 70.0 -4.858 23.910
624 23.0 -16.466 15.288
636 23.0 -15.758 15.640
648 23.0 -15.308 15.901
660 23.0 -14.838 16.250
672 23.0 -14.400 16.446
684 23.0 -13.684 17.230
696 23.0 -12.799 17.902
708 23.0 -12.179 18.496
720 23.0 -11.492 19.188
732 23.0 -10.840 19.624
744 23.0 -10.212 20.250
756 23.0 -9.508 20.584
768 23.0 -9.275 20.910
780 23.0 -8.728 20.883
792 23.0 -8.318 20.967
804 23.0 -7.827 21.316
816 23.0 -7.340 21.290
828 23.0 -6.730 21.795
840 23.0 -6.169 21.704
852 23.0 -5.726 21.740
660 11.0 -36.199 -1.554
672 11.0 -35.931 -1.383
684 11.0 -35.329 -0.761
696 11.0 -34.069 0.376
708 11.0 -32.814 1.849
720 11.0 -31.476 3.024
732 11.0 -30.657 3.580
744 11.0 -29.595 4.134
756 11.0 -28.562 4.455
768 11.0 -27.952 4.972
780 11.0 -27.099 5.207
792 11.0 -26.635 5.592
804 11.0 -25.800 5.734
816 11.0 -24.869 6.210
828 11.0 -24.272 6.717
840 11.0 -23.648 6.820
852 11.0 -23.092 6.957
864 11.0 -22.573 7.138
876 11.0 -22.013 7.342
888 11.0 -21.664 7.628
672 19.0 23.618 10.124
684 19.0 23.189 9.710
696 19.0 23.062 9.119
708 19.0 22.638 8.620
720 19.0 22.364 8.087
732 19.0 22.140 7.781
744 19.0 22.065 6.924
756 19.0 21.533 6.229
768 19.0 21.711 5.778
780 19.0 21.416 5.135
792 19.0 21.398 4.399
804 19.0 21.108 3.842
816 19.0 21.357 3.197
828 19.0 21.395 2.587
840 19.0 21.344 1.791
852 19.0 21.515 1.171
864 19.0 21.832 0.446
876 19.0 21.851 -0.118
888 19.0 22.322 -0.602
900 19.0 22.649 -1.261
672 20.0 7.585 11.041
684 20.0 8.312 11.442
696 20.0 8.715 11.793
708 20.0 9.332 12.027
720 20.0 9.776 12.182
732 20.0 9.989 12.451
744 20.0 10.583 12.785
756 20.0 11.002 13.018
768 20.0 11.388 13.206
780 20.0 11.883 13.458
792 20.0 12.352 13.704
804 20.0 12.955 13.378
816 20.0 13.536 13.302
828 20.0 14.078 12.911
840 20.0 14.377 12.378
852 20.0 14.873 11.719
864 20.0 15.405 11.153
876 20.0 15.570 10.676
888 20.0 16.027 10.034
900 20.0 16.394 9.468
696 10.0 -36.843 -1.575
708 10.0 -36.089 -0.768
720 10.0 -34.914 0.205
732 10.0 -34.343 1.199
744 10.0 -33.453 2.018
756 10.0 -32.700 2.406
768 10.0 -31.621 2.718
780 10.0 -31.125 3.306
792 10.0 -30.100 3.571
804 10.0 -29.536 4.015
816 10.0 -29.261 4.263
828 10.0 -28.466 4.486
840 10.0 -27.968 4.694
852 10.0 -27.557 5.171
864 10.0 -27.089 5.334
876 10.0 -26.367 5.726
888 10.0 -25.952 6.049
900 10.0 -25.554 6.352
912 10.0 -25.362 6.726
924 10.0 -24.730 7.365
696 47.0 -18.751 19.393
708 47.0 -18.127 19.671
720 47.0 -17.968 19.960
732 47.0 -17.930 19.744
744 47.0 -17.706 19.231
756 47.0 -17.714 18.927
768 47.0 -17.662 18.577
780 47.0 -17.509 18.318
792 47.0 -17.661 18.101
804 47.0 -17.868 17.901
816 47.0 -18.006 17.400
828 47.0 -18.242 17.033
840 47.0 -18.413 16.830
852 47.0 -18.542 16.465
864 47.0 -19.103 16.371
876 47.0 -19.537 15.909
888 47.0 -19.767 15.643
900 47.0 -20.377 15.790
912 47.0 -20.815 15.338
924 47.0 -21.234 15.332
696 71.0 13.564 26.714
708 71.0 13.035 26.469
720 71.0 12.162 26.358
732 71.0 11.462 26.104
744 71.0 10.977 25.972
756 71.0 10.158 25.769
768 71.0 9.518 25.642
780 71.0 9.218 25.447
792 71.0 8.900 25.152
804 71.0 8.525 25.043
816 71.0 8.248 24.894
828 71.0 7.893 24.776
840 71.0 7.718 24.489
852 71.0 7.224 24.310
864 71.0 7.071 24.198
876 71.0 6.803 23.813
888 71.0 6.393 23.525
900 71.0 6.099 23.423
912 71.0 5.685 23.153
924 71.0 5.325 22.855
696 72.0 14.219 25.659
708 72.0 13.348 25.398
720 72.0 12.747 25.380
732 72.0 12.040 25.338
744 72.0 11.425 25.145
756 72.0 10.741 24.983
768 72.0 10.017 24.881
780 72.0 9.636 24.595
792 72.0 9.480 24.353
804 72.0 9.122 24.251
816 72.0 8.860 24.030
828 72.0 8.552 23.480
840 72.0 8.340 23.276
852 72.0 8.103 23.122
864 72.0 7.561 22.879
876 72.0 7.397 22.460
888 72.0 6.810 22.365
900 72.0 6.545 22.329
912 72.0 6.288 21.761
924 72.0 5.913 21.546
708 14.0 -19.853 11.150
720 14.0 -18.907 12.023
732 14.0 -18.553 12.589
744 14.0 -18.082 13.031
756 14.0 -17.444 13.530
768 14.0 -17.014 13.995
780 14.0 -16.735 14.180
792 14.0 -15.879 14.664
804 14.0 -15.372 15.358
816 14.0 -14.715 15.530
828 14.0 -14.472 15.717
840 14.0 -14.273 15.939
852 14.0 -13.670 16.356
864 14.0 -13.725 16.422
876 14.0 -13.099 16.435
888 14.0 -12.673 16.673
900 14.0 -12.191 16.652
912 14.0 -11.971 16.791
924 14.0 -11.524 17.610
936 14.0 -11.133 17.403
708 52.0 -19.956 10.623
720 52.0 -18.989 11.011
732 52.0 -18.587 11.538
744 52.0 -17.984 11.865
756 52.0 -17.628 12.549
768 52.0 -17.082 13.020
780 52.0 -16.415 13.534
792 52.0 -15.835 13.782
804 52.0 -15.315 14.327
816 52.0 -14.809 14.806
828 52.0 -14.374 14.968
840 52.0 -13.942 15.208
852 52.0 -13.499 15.364
864 52.0 -13.276 15.536
876 52.0 -12.726 15.784
888 52.0 -12.176 15.850
900 52.0 -11.626 15.967
912 52.0 -11.238 15.886
924 52.0 -10.888 16.443
936 52.0 -10.510 16.255
720 73.0 -1.485 53.861
732 73.0 -1.784 52.656
744 73.0 -1.965 51.654
756 73.0 -2.142 50.588
768 73.0 -2.088 49.789
780 73.0 -2.202 49.485
792 73.0 -2.148 49.456
804 73.0 -1.969 48.809
816 73.0 -1.901 48.379
828 73.0 -1.926 48.377
840 73.0 -2.159 48.033
852 73.0 -1.975 47.396
864 73.0 -1.952 47.336
876 73.0 -1.661 46.808
888 73.0 -1.806 46.606
900 73.0 -1.773 46.138
912 73.0 -1.839 45.927
924 73.0 -1.539 45.612
936 73.0 -1.567 45.285
948 73.0 -1.631 45.000
756 33.0 13.940 26.212
768 33.0 13.082 25.817
780 33.0 12.544 25.882
792 33.0 12.394 25.680
804 33.0 11.890 25.201
816 33.0 11.526 24.990
828 33.0 11.154 24.454
840 33.0 10.688 24.364
852 33.0 10.289 24.070
864 33.0 10.102 23.680
876 33.0 9.822 23.444
888 33.0 9.335 23.055
900 33.0 9.212 22.868
912 33.0 8.682 22.445
924 33.0 8.237 22.030
936 33.0 7.707 21.816
948 33.0 7.566 21.505
960 33.0 7.164 20.898
972 33.0 6.736 20.789
984 33.0 6.195 20.278
780 18.0 5.302 17.155
792 18.0 5.273 17.384
804 18.0 4.719 18.081
816 18.0 4.400 18.158
828 18.0 4.122 18.750
840 18.0 3.559 19.017
852 18.0 3.363 19.438
864 18.0 2.747 19.686
876 18.0 2.364 19.991
888 18.0 1.843 19.995
900 18.0 1.296 20.322
912 18.0 0.939 20.350
924 18.0 0.360 20.600
936 18.0 -0.114 20.763
948 18.0 -0.474 21.127
960 18.0 -1.018 21.183
972 18.0 -1.162 21.434
984 18.0 -1.285 21.709
996 18.0 -1.415 22.320
1008 18.0 -1.682 22.450
804 66.0 1.952 29.872
816 66.0 1.919 29.802
828 66.0 1.765 29.700
840 66.0 1.658 29.627
852 66.0 1.872 29.978
864 66.0 2.052 29.539
876 66.0 1.943 29.674
888 66.0 2.030 29.845
900 66.0 1.984 29.643
912 66.0 2.017 29.789
924 66.0 1.869 29.774
936 66.0 2.052 29.525
948 66.0 1.987 29.609
960 66.0 2.387 29.633
972 66.0 2.083 29.583
984 66.0 2.057 29.579
996 66.0 2.061 29.636
1008 66.0 2.189 29.741
1020 66.0 2.109 29.800
1032 66.0 2.142 30.260
816 9.0 -19.749 28.581
828 9.0 -19.545 28.683
840 9.0 -19.465 28.548
852 9.0 -19.621 28.591
864 9.0 -19.469 28.595
876 9.0 -19.306 28.661
888 9.0 -19.072 28.963
900 9.0 -19.173 28.846
912 9.0 -19.041 28.957
924 9.0 -18.715 28.832
936 9.0 -19.090 28.910
948 9.0 -19.188 28.371
960 9.0 -19.631 27.877
972 9.0 -18.539 28.723
984 9.0 -18.786 28.718
996 9.0 -19.209 28.816
1008 9.0 -19.524 28.459
1020 9.0 -19.629 28.654
1032 9.0 -19.814 28.522
1044 9.0 -20.275 28.305
828 44.0 -16.665 29.947
840 44.0 -16.756 29.936
852 44.0 -16.734 30.190
864 44.0 -16.637 29.899
876 44.0 -16.647 30.093
888 44.0 -16.524 30.147
900 44.0 -16.517 30.227
912 44.0 -16.347 30.077
924 44.0 -16.305 30.199
936 44.0 -16.587 30.013
948 44.0 -16.807 29.878
960 44.0 -17.005 29.828
972 44.0 -15.308 29.974
984 44.0 -15.843 30.059
996 44.0 -16.156 30.276
1008 44.0 -16.249 30.263
1020 44.0 -16.527 30.112
1032 44.0 -16.828 30.088
1044 44.0 -17.023 29.968
1056 44.0 -17.253 29.899
