0 1.0 -12.668 14.110
10 1.0 -12.290 13.750
20 1.0 -12.156 13.158
30 1.0 -12.025 12.928
40 1.0 -11.564 12.325
50 1.0 -11.282 12.050
60 1.0 -11.139 11.361
70 1.0 -10.837 11.245
80 1.0 -10.573 10.585
90 1.0 -10.304 10.364
100 1.0 -10.297 9.780
110 1.0 -10.095 9.551
120 1.0 -9.715 9.219
130 1.0 -9.602 8.891
140 1.0 -9.493 8.446
150 1.0 -9.346 8.172
160 1.0 -8.974 7.638
170 1.0 -8.957 7.498
180 1.0 -8.722 7.082
190 1.0 -8.449 6.802
0 3.0 -17.355 16.765
10 3.0 -16.738 16.116
20 3.0 -16.501 15.752
30 3.0 -16.208 15.195
40 3.0 -15.786 14.504
50 3.0 -15.396 14.079
60 3.0 -15.036 13.429
70 3.0 -14.933 12.898
80 3.0 -14.671 12.369
90 3.0 -14.561 11.910
100 3.0 -14.131 11.475
110 3.0 -13.988 11.490
120 3.0 -13.691 10.953
130 3.0 -13.705 10.935
140 3.0 -13.795 11.046
150 3.0 -13.704 11.379
160 3.0 -13.895 11.559
170 3.0 -13.681 11.692
180 3.0 -13.790 11.700
190 3.0 -13.934 11.755
0 6.0 -16.884 17.329
10 6.0 -17.124 17.469
20 6.0 -16.873 17.221
30 6.0 -17.099 17.297
40 6.0 -16.926 17.106
50 6.0 -17.400 17.079
60 6.0 -16.948 16.807
70 6.0 -16.566 16.570
80 6.0 -16.563 15.753
90 6.0 -16.451 15.878
100 6.0 -16.659 15.401
110 6.0 -15.848 15.351
120 6.0 -15.675 14.993
130 6.0 -15.309 14.623
140 6.0 -15.289 14.488
150 6.0 -15.256 14.223
160 6.0 -14.688 13.933
170 6.0 -14.489 13.484
180 6.0 -14.213 13.240
190 6.0 -14.024 12.888
0 9.0 -11.525 13.741
10 9.0 -11.199 13.352
20 9.0 -11.165 13.112
30 9.0 -11.043 12.639
40 9.0 -10.757 12.478
50 9.0 -10.607 12.020
60 9.0 -10.391 11.701
70 9.0 -10.307 11.297
80 9.0 -10.126 10.975
90 9.0 -9.960 10.664
100 9.0 -9.791 10.265
110 9.0 -9.656 9.969
120 9.0 -9.394 9.534
130 9.0 -9.283 9.326
140 9.0 -9.045 8.848
150 9.0 -8.842 8.448
160 9.0 -8.749 8.065
170 9.0 -8.385 7.621
180 9.0 -8.351 7.330
190 9.0 -8.118 6.838
0 10.0 -10.105 13.392
10 10.0 -10.030 13.009
20 10.0 -9.992 12.851
30 10.0 -9.924 12.547
40 10.0 -9.414 12.087
50 10.0 -9.349 11.968
60 10.0 -9.210 11.449
70 10.0 -9.050 11.201
80 10.0 -9.117 11.002
90 10.0 -9.214 10.645
100 10.0 -8.957 10.184
110 10.0 -8.771 9.887
120 10.0 -8.534 9.687
130 10.0 -8.698 9.032
140 10.0 -8.389 8.819
150 10.0 -8.351 8.029
160 10.0 -7.997 7.813
170 10.0 -7.919 7.494
180 10.0 -7.806 7.076
190 10.0 -7.471 6.367
0 12.0 -10.557 15.116
10 12.0 -9.996 14.827
20 12.0 -9.871 14.604
30 12.0 -9.657 14.211
40 12.0 -9.387 13.900
50 12.0 -9.047 13.430
60 12.0 -8.793 13.000
70 12.0 -8.420 12.687
80 12.0 -8.475 12.256
90 12.0 -8.302 11.796
100 12.0 -7.945 11.433
110 12.0 -7.893 10.863
120 12.0 -7.597 10.723
130 12.0 -7.277 10.192
140 12.0 -7.230 9.632
150 12.0 -6.935 9.382
160 12.0 -7.015 9.083
170 12.0 -6.768 8.522
180 12.0 -6.732 8.220
190 12.0 -6.420 8.001
0 14.0 -11.814 16.100
10 14.0 -11.702 15.764
20 14.0 -11.489 15.758
30 14.0 -11.195 15.343
40 14.0 -11.016 15.201
50 14.0 -10.848 14.948
60 14.0 -10.363 14.573
70 14.0 -9.888 14.174
80 14.0 -9.399 13.608
90 14.0 -9.105 13.223
100 14.0 -8.888 12.844
110 14.0 -8.848 12.443
120 14.0 -8.559 12.151
130 14.0 -8.455 11.696
140 14.0 -8.361 11.428
150 14.0 -8.212 11.180
160 14.0 -7.869 10.700
170 14.0 -7.569 10.402
180 14.0 -7.349 9.933
190 14.0 -7.114 9.585
0 16.0 -12.302 18.241
10 16.0 -11.964 17.896
20 16.0 -11.664 17.504
30 16.0 -11.231 17.167
40 16.0 -10.862 16.917
50 16.0 -10.537 16.543
60 16.0 -10.168 16.109
70 16.0 -10.095 15.797
80 16.0 -9.937 15.453
90 16.0 -9.547 15.037
100 16.0 -9.215 14.593
110 16.0 -8.881 14.363
120 16.0 -8.703 14.217
130 16.0 -8.576 14.101
140 16.0 -8.263 13.869
150 16.0 -8.003 13.726
160 16.0 -8.005 13.543
170 16.0 -7.941 13.380
180 16.0 -7.945 13.307
190 16.0 -7.999 13.176
0 19.0 -11.197 17.714
10 19.0 -10.850 17.377
20 19.0 -10.761 17.167
30 19.0 -10.527 16.796
40 19.0 -10.344 16.474
50 19.0 -9.797 16.275
60 19.0 -9.558 15.959
70 19.0 -9.327 15.779
80 19.0 -9.122 15.720
90 19.0 -8.538 15.360
100 19.0 -8.548 15.235
110 19.0 -8.441 15.101
120 19.0 -8.311 14.979
130 19.0 -8.301 14.958
140 19.0 -8.339 14.571
150 19.0 -8.012 14.507
160 19.0 -7.763 13.961
170 19.0 -7.677 13.630
180 19.0 -7.325 12.995
190 19.0 -7.231 12.504
0 22.0 -11.566 18.526
10 22.0 -11.391 18.689
20 22.0 -11.255 18.020
30 22.0 -10.824 18.171
40 22.0 -10.671 17.545
50 22.0 -10.309 17.641
60 22.0 -10.105 17.049
70 22.0 -9.850 16.903
80 22.0 -9.547 16.584
90 22.0 -9.477 16.375
100 22.0 -9.527 16.077
110 22.0 -9.201 15.926
120 22.0 -9.109 15.470
130 22.0 -9.016 15.185
140 22.0 -8.907 14.950
150 22.0 -8.789 14.634
160 22.0 -8.674 14.302
170 22.0 -8.714 14.066
180 22.0 -8.947 13.705
190 22.0 -9.268 13.330
0 25.0 -14.710 17.481
10 25.0 -14.035 17.259
20 25.0 -13.788 16.694
30 25.0 -13.503 15.961
40 25.0 -13.077 15.851
50 25.0 -12.951 15.201
60 25.0 -12.300 14.841
70 25.0 -12.144 14.273
80 25.0 -11.850 13.778
90 25.0 -11.483 13.340
100 25.0 -11.268 13.091
110 25.0 -10.754 12.392
120 25.0 -10.876 12.181
130 25.0 -10.408 11.662
140 25.0 -9.933 11.314
150 25.0 -9.986 11.057
160 25.0 -9.624 10.575
170 25.0 -9.362 10.030
180 25.0 -9.016 9.869
190 25.0 -8.940 9.508
0 27.0 -14.023 18.404
10 27.0 -13.532 18.061
20 27.0 -13.310 17.541
30 27.0 -13.033 17.163
40 27.0 -12.557 16.635
50 27.0 -12.255 16.232
60 27.0 -11.782 15.719
70 27.0 -11.438 15.191
80 27.0 -11.335 14.645
90 27.0 -11.041 14.146
100 27.0 -10.865 13.535
110 27.0 -10.463 12.957
120 27.0 -10.108 12.557
130 27.0 -9.868 11.879
140 27.0 -9.511 11.509
150 27.0 -9.226 10.935
160 27.0 -9.088 10.725
170 27.0 -9.174 10.445
180 27.0 -8.783 10.010
190 27.0 -8.612 9.584
0 29.0 -13.015 14.869
10 29.0 -12.876 14.504
20 29.0 -12.693 14.358
30 29.0 -12.642 13.981
40 29.0 -12.385 13.660
50 29.0 -12.334 13.129
60 29.0 -12.012 13.022
70 29.0 -11.812 12.446
80 29.0 -11.789 12.042
90 29.0 -11.505 11.642
100 29.0 -11.600 11.265
110 29.0 -11.433 10.601
120 29.0 -11.317 10.166
130 29.0 -11.118 9.788
140 29.0 -10.663 9.261
150 29.0 -10.550 9.001
160 29.0 -10.384 8.462
170 29.0 -10.009 8.066
180 29.0 -9.687 7.650
190 29.0 -9.568 7.267
0 30.0 -16.180 17.989
10 30.0 -15.677 17.885
20 30.0 -15.330 17.361
30 30.0 -15.017 16.606
40 30.0 -14.777 16.276
50 30.0 -14.067 15.930
60 30.0 -14.144 15.595
70 30.0 -13.713 15.298
80 30.0 -13.354 14.875
90 30.0 -12.900 14.412
100 30.0 -12.580 13.851
110 30.0 -12.128 13.296
120 30.0 -11.933 13.000
130 30.0 -11.673 12.611
140 30.0 -11.618 12.289
150 30.0 -11.180 11.835
160 30.0 -10.939 11.287
170 30.0 -10.833 10.725
180 30.0 -10.816 10.358
190 30.0 -10.595 10.110
0 32.0 -16.915 18.038
10 32.0 -16.457 17.897
20 32.0 -16.329 17.467
30 32.0 -15.699 16.935
40 32.0 -15.921 16.546
50 32.0 -15.261 16.118
60 32.0 -15.373 16.009
70 32.0 -14.901 15.621
80 32.0 -14.345 14.903
90 32.0 -14.153 14.351
100 32.0 -13.788 14.110
110 32.0 -13.535 13.500
120 32.0 -13.177 12.710
130 32.0 -12.618 12.417
140 32.0 -12.471 12.359
150 32.0 -12.026 11.482
160 32.0 -11.890 11.079
170 32.0 -11.714 10.912
180 32.0 -11.328 10.559
190 32.0 -11.630 10.363
0 34.0 -18.040 24.292
10 34.0 -17.742 24.011
20 34.0 -17.471 23.510
30 34.0 -17.179 22.988
40 34.0 -16.728 22.465
50 34.0 -16.420 21.957
60 34.0 -16.238 21.373
70 34.0 -15.907 20.953
80 34.0 -15.416 20.429
90 34.0 -15.153 19.838
100 34.0 -14.753 19.347
110 34.0 -14.550 18.990
120 34.0 -14.209 18.528
130 34.0 -13.994 17.887
140 34.0 -13.927 17.738
150 34.0 -13.702 17.363
160 34.0 -13.394 17.027
170 34.0 -13.357 16.445
180 34.0 -13.000 16.051
190 34.0 -12.973 15.639
0 37.0 -18.056 22.398
10 37.0 -17.582 21.978
20 37.0 -17.362 21.509
30 37.0 -17.219 21.081
40 37.0 -16.634 20.784
50 37.0 -16.354 20.152
60 37.0 -16.248 19.908
70 37.0 -15.917 19.323
80 37.0 -15.309 18.822
90 37.0 -14.971 18.705
100 37.0 -14.535 17.874
110 37.0 -14.752 17.601
120 37.0 -14.282 16.830
130 37.0 -13.579 16.790
140 37.0 -13.439 16.147
150 37.0 -13.042 15.850
160 37.0 -12.970 15.357
170 37.0 -12.380 14.812
180 37.0 -12.460 14.388
190 37.0 -11.839 13.885
0 40.0 -18.243 21.995
10 40.0 -18.510 21.619
20 40.0 -18.161 21.205
30 40.0 -17.572 21.160
40 40.0 -17.270 20.341
50 40.0 -16.840 19.950
60 40.0 -16.655 19.223
70 40.0 -16.347 19.049
80 40.0 -16.315 18.376
90 40.0 -15.590 18.286
100 40.0 -15.225 17.764
110 40.0 -15.055 17.660
120 40.0 -14.802 17.073
130 40.0 -14.610 16.657
140 40.0 -14.279 16.201
150 40.0 -13.666 15.975
160 40.0 -13.776 15.436
170 40.0 -13.343 14.968
180 40.0 -12.826 14.444
190 40.0 -12.601 14.131
0 43.0 -19.043 22.017
10 43.0 -18.666 21.464
20 43.0 -18.288 20.950
30 43.0 -17.924 20.461
40 43.0 -17.563 19.849
50 43.0 -17.203 19.215
60 43.0 -16.802 18.777
70 43.0 -16.412 18.270
80 43.0 -16.100 17.974
90 43.0 -15.816 17.492
100 43.0 -15.557 17.058
110 43.0 -15.256 16.686
120 43.0 -14.977 16.225
130 43.0 -14.641 15.879
140 43.0 -14.369 15.346
150 43.0 -14.051 15.071
160 43.0 -13.757 14.609
170 43.0 -13.443 14.225
180 43.0 -13.227 13.837
190 43.0 -12.821 13.566
0 46.0 -21.106 22.543
10 46.0 -20.680 21.976
20 46.0 -20.143 21.472
30 46.0 -19.867 20.971
40 46.0 -19.327 20.298
50 46.0 -19.143 19.955
60 46.0 -18.695 19.385
70 46.0 -18.038 18.749
80 46.0 -17.626 18.442
90 46.0 -17.137 17.947
100 46.0 -16.797 17.279
110 46.0 -16.265 16.866
120 46.0 -16.074 16.455
130 46.0 -15.383 16.128
140 46.0 -15.191 15.468
150 46.0 -14.736 15.160
160 46.0 -14.265 14.676
170 46.0 -13.929 14.256
180 46.0 -13.895 13.732
190 46.0 -13.491 13.317
0 49.0 -21.871 24.240
10 49.0 -21.667 23.850
20 49.0 -21.404 23.271
30 49.0 -21.196 22.872
40 49.0 -20.798 22.478
50 49.0 -20.733 21.988
60 49.0 -20.574 21.480
70 49.0 -20.225 21.184
80 49.0 -19.992 20.645
90 49.0 -19.831 20.238
100 49.0 -19.523 19.663
110 49.0 -19.185 19.285
120 49.0 -18.781 18.810
130 49.0 -18.637 18.333
140 49.0 -18.214 17.763
150 49.0 -17.751 17.337
160 49.0 -17.503 16.981
170 49.0 -17.182 16.510
180 49.0 -16.830 16.031
190 49.0 -16.482 15.424
0 55.0 -22.384 27.688
10 55.0 -22.472 27.487
20 55.0 -22.404 27.662
30 55.0 -22.418 27.540
40 55.0 -22.282 27.496
50 55.0 -22.247 27.429
60 55.0 -22.228 27.414
70 55.0 -22.112 27.333
80 55.0 -22.106 27.232
90 55.0 -22.083 27.332
100 55.0 -21.980 27.242
110 55.0 -21.949 27.091
120 55.0 -21.829 27.123
130 55.0 -21.968 26.998
140 55.0 -21.784 26.918
150 55.0 -21.717 26.616
160 55.0 -21.766 26.448
170 55.0 -21.658 26.307
180 55.0 -21.717 26.130
190 55.0 -21.531 25.844
0 58.0 -21.345 26.886
10 58.0 -21.423 27.066
20 58.0 -21.266 27.174
30 58.0 -21.422 27.052
40 58.0 -21.415 27.320
50 58.0 -21.232 27.454
60 58.0 -21.536 27.017
70 58.0 -21.218 27.267
80 58.0 -21.644 27.218
90 58.0 -21.545 27.294
100 58.0 -21.660 27.234
110 58.0 -21.484 27.264
120 58.0 -21.600 27.302
130 58.0 -21.617 27.234
140 58.0 -21.853 27.164
150 58.0 -21.747 27.236
160 58.0 -21.463 26.987
170 58.0 -21.255 26.703
180 58.0 -21.007 26.347
190 58.0 -20.872 25.694
30 52.0 -22.636 26.455
40 52.0 -21.781 25.598
50 52.0 -21.563 25.283
60 52.0 -21.367 24.735
70 52.0 -21.194 24.348
80 52.0 -20.843 23.849
90 52.0 -20.768 23.360
100 52.0 -20.406 22.946
110 52.0 -20.137 22.357
120 52.0 -19.546 21.678
130 52.0 -19.220 21.038
140 52.0 -18.872 20.374
150 52.0 -18.581 19.568
160 52.0 -18.010 19.076
170 52.0 -17.940 18.434
180 52.0 -17.800 18.096
190 52.0 -17.619 17.883
200 52.0 -17.601 17.768
210 52.0 -17.224 17.247
220 52.0 -17.159 17.424
200 2.0 -8.418 6.376
210 2.0 -8.015 6.256
220 2.0 -7.930 5.830
230 2.0 -7.912 5.573
240 2.0 -7.652 5.191
250 2.0 -7.540 4.823
260 2.0 -7.568 4.448
270 2.0 -7.292 3.952
280 2.0 -7.353 3.914
290 2.0 -7.333 3.346
300 2.0 -7.275 3.187
310 2.0 -7.327 2.772
320 2.0 -7.307 2.591
330 2.0 -7.362 2.036
340 2.0 -7.523 1.908
350 2.0 -7.306 1.374
360 2.0 -7.316 1.232
370 2.0 -7.563 1.006
380 2.0 -7.714 0.797
390 2.0 -7.842 0.550
200 4.0 -13.533 11.367
210 4.0 -13.337 11.140
220 4.0 -13.146 10.766
230 4.0 -12.662 10.475
240 4.0 -12.624 10.235
250 4.0 -12.447 9.879
260 4.0 -12.207 9.677
270 4.0 -12.105 9.255
280 4.0 -11.778 9.191
290 4.0 -11.529 8.682
300 4.0 -11.341 8.488
310 4.0 -11.231 8.197
320 4.0 -10.789 8.032
330 4.0 -10.570 7.669
340 4.0 -10.523 7.455
350 4.0 -10.384 6.991
360 4.0 -10.359 7.013
370 4.0 -10.543 6.548
380 4.0 -10.305 6.220
390 4.0 -10.293 5.936
200 7.0 -13.752 12.730
210 7.0 -13.572 12.063
220 7.0 -13.194 11.840
230 7.0 -12.906 11.429
240 7.0 -12.611 11.216
250 7.0 -12.159 10.666
260 7.0 -11.902 10.574
270 7.0 -11.702 9.866
280 7.0 -11.291 9.690
290 7.0 -11.053 9.423
300 7.0 -10.898 8.722
310 7.0 -10.387 8.730
320 7.0 -10.377 8.371
330 7.0 -9.890 7.835
340 7.0 -9.665 7.826
350 7.0 -9.483 7.257
360 7.0 -9.311 7.092
370 7.0 -9.022 6.526
380 7.0 -8.747 6.520
390 7.0 -8.489 6.155
200 11.0 -7.223 6.418
210 11.0 -6.945 5.837
220 11.0 -6.840 5.563
230 11.0 -6.621 5.185
240 11.0 -6.518 4.935
250 11.0 -6.254 4.481
260 11.0 -6.129 4.262
270 11.0 -6.425 3.762
280 11.0 -6.045 3.613
290 11.0 -5.716 3.229
300 11.0 -5.790 2.929
310 11.0 -5.596 2.738
320 11.0 -5.384 2.034
330 11.0 -5.284 1.832
340 11.0 -4.784 1.587
350 11.0 -4.760 1.054
360 11.0 -4.703 1.130
370 11.0 -4.784 0.562
380 11.0 -4.568 0.358
390 11.0 -4.573 -0.109
200 13.0 -6.279 7.700
210 13.0 -6.156 7.231
220 13.0 -5.983 6.815
230 13.0 -5.863 6.483
240 13.0 -5.708 5.972
250 13.0 -5.587 5.540
260 13.0 -5.506 5.380
270 13.0 -5.225 5.058
280 13.0 -5.148 4.655
290 13.0 -5.094 4.301
300 13.0 -4.951 3.970
310 13.0 -4.890 3.613
320 13.0 -4.885 3.368
330 13.0 -4.810 3.121
340 13.0 -4.740 2.815
350 13.0 -4.573 2.443
360 13.0 -4.634 2.072
370 13.0 -4.503 1.717
380 13.0 -4.424 1.505
390 13.0 -4.345 1.217
200 15.0 -6.907 9.197
210 15.0 -6.834 8.809
220 15.0 -6.553 8.609
230 15.0 -6.459 8.186
240 15.0 -6.288 7.841
250 15.0 -6.174 7.546
260 15.0 -6.016 7.232
270 15.0 -5.755 6.911
280 15.0 -5.614 6.627
290 15.0 -5.508 6.276
300 15.0 -5.388 6.069
310 15.0 -5.170 5.736
320 15.0 -5.073 5.439
330 15.0 -4.867 4.924
340 15.0 -4.619 4.625
350 15.0 -4.717 4.183
360 15.0 -4.527 3.893
370 15.0 -4.426 3.627
380 15.0 -4.198 3.228
390 15.0 -4.057 2.792
200 17.0 -8.013 12.973
210 17.0 -8.138 12.696
220 17.0 -7.973 12.593
230 17.0 -7.909 12.254
240 17.0 -8.031 11.917
250 17.0 -8.214 11.716
260 17.0 -8.305 11.315
270 17.0 -8.493 10.908
280 17.0 -8.575 10.483
290 17.0 -8.541 10.011
300 17.0 -8.462 9.681
310 17.0 -8.621 9.242
320 17.0 -8.488 8.841
330 17.0 -8.549 8.531
340 17.0 -8.461 7.886
350 17.0 -8.563 7.478
360 17.0 -8.268 7.269
370 17.0 -8.297 6.940
380 17.0 -7.990 6.473
390 17.0 -7.839 6.307
200 20.0 -7.027 12.094
210 20.0 -6.976 11.836
220 20.0 -7.165 11.534
230 20.0 -7.337 11.100
240 20.0 -7.461 10.809
250 20.0 -7.580 10.636
260 20.0 -7.565 10.140
270 20.0 -7.676 9.970
280 20.0 -7.823 9.671
290 20.0 -7.949 9.278
300 20.0 -8.041 8.944
310 20.0 -8.154 8.629
320 20.0 -8.003 8.239
330 20.0 -7.908 7.745
340 20.0 -7.852 7.358
350 20.0 -7.711 7.066
360 20.0 -7.502 6.783
370 20.0 -7.395 6.323
380 20.0 -7.110 6.062
390 20.0 -6.990 5.740
200 23.0 -9.129 13.010
210 23.0 -9.515 12.773
220 23.0 -9.682 12.270
230 23.0 -10.006 11.893
240 23.0 -9.993 11.491
250 23.0 -9.837 10.972
260 23.0 -10.014 10.401
270 23.0 -9.544 9.984
280 23.0 -9.760 9.710
290 23.0 -9.457 9.375
300 23.0 -9.655 9.069
310 23.0 -9.779 8.434
320 23.0 -9.461 8.606
330 23.0 -9.264 8.140
340 23.0 -8.930 7.466
350 23.0 -8.873 7.372
360 23.0 -8.581 7.050
370 23.0 -8.387 6.854
380 23.0 -8.234 6.179
390 23.0 -8.013 6.204
200 26.0 -8.686 8.854
210 26.0 -8.362 8.511
220 26.0 -8.152 8.172
230 26.0 -8.066 7.687
240 26.0 -8.014 7.381
250 26.0 -7.729 7.185
260 26.0 -7.633 6.864
270 26.0 -7.387 6.248
280 26.0 -7.318 5.965
290 26.0 -7.114 5.704
300 26.0 -6.889 5.267
310 26.0 -6.626 5.026
320 26.0 -6.603 4.538
330 26.0 -6.392 4.375
340 26.0 -6.146 4.081
350 26.0 -6.057 3.698
360 26.0 -5.893 3.183
370 26.0 -5.684 3.078
380 26.0 -5.486 2.588
390 26.0 -5.369 2.440
200 28.0 -8.245 9.344
210 28.0 -8.268 8.888
220 28.0 -8.110 8.762
230 28.0 -7.976 8.381
240 28.0 -7.808 8.099
250 28.0 -7.542 7.684
260 28.0 -7.426 7.281
270 28.0 -7.021 7.128
280 28.0 -6.830 6.563
290 28.0 -6.722 6.474
300 28.0 -6.358 6.056
310 28.0 -6.077 5.841
320 28.0 -5.853 5.409
330 28.0 -5.653 4.995
340 28.0 -5.482 4.614
350 28.0 -5.284 4.158
360 28.0 -5.128 3.740
370 28.0 -5.019 3.242
380 28.0 -4.689 2.759
390 28.0 -4.608 2.456
200 31.0 -10.482 10.063
210 31.0 -10.446 9.656
220 31.0 -10.389 9.373
230 31.0 -10.153 9.451
240 31.0 -10.171 8.908
250 31.0 -10.106 8.897
260 31.0 -9.738 8.522
270 31.0 -9.605 8.324
280 31.0 -9.380 8.105
290 31.0 -9.392 8.002
300 31.0 -9.258 7.780
310 31.0 -9.034 7.519
320 31.0 -8.763 7.125
330 31.0 -8.545 7.126
340 31.0 -8.530 6.561
350 31.0 -8.520 6.245
360 31.0 -8.217 6.021
370 31.0 -8.139 5.609
380 31.0 -8.024 5.157
390 31.0 -7.636 5.022
200 33.0 -11.335 10.121
210 33.0 -11.076 9.691
220 33.0 -11.119 9.610
230 33.0 -10.995 9.181
240 33.0 -10.657 9.126
250 33.0 -10.616 8.809
260 33.0 -10.524 8.655
270 33.0 -10.448 8.333
280 33.0 -10.130 8.259
290 33.0 -10.145 7.881
300 33.0 -9.767 7.639
310 33.0 -9.612 7.460
320 33.0 -9.433 7.198
330 33.0 -9.249 6.906
340 33.0 -9.141 6.581
350 33.0 -8.967 6.332
360 33.0 -8.868 5.993
370 33.0 -8.658 5.550
380 33.0 -8.616 5.284
390 33.0 -8.336 5.087
200 35.0 -12.569 15.375
210 35.0 -12.462 14.744
220 35.0 -12.484 14.333
230 35.0 -12.091 14.110
240 35.0 -11.945 13.784
250 35.0 -11.866 13.521
260 35.0 -11.316 13.242
270 35.0 -11.524 12.812
280 35.0 -11.248 12.292
290 35.0 -11.036 12.089
300 35.0 -10.712 11.652
310 35.0 -10.673 11.494
320 35.0 -10.289 11.043
330 35.0 -10.106 10.554
340 35.0 -9.881 10.409
350 35.0 -9.750 10.007
360 35.0 -9.389 9.439
370 35.0 -9.304 9.013
380 35.0 -9.258 9.109
390 35.0 -9.075 8.554
200 38.0 -11.752 13.673
210 38.0 -11.428 13.252
220 38.0 -11.217 12.944
230 38.0 -10.970 12.482
240 38.0 -10.670 12.122
250 38.0 -10.372 11.769
260 38.0 -10.231 11.395
270 38.0 -9.966 10.961
280 38.0 -9.735 10.609
290 38.0 -9.644 10.281
300 38.0 -9.448 9.886
310 38.0 -9.141 9.639
320 38.0 -8.978 9.355
330 38.0 -8.753 8.841
340 38.0 -8.608 8.658
350 38.0 -8.444 8.369
360 38.0 -8.139 8.085
370 38.0 -8.019 7.722
380 38.0 -7.861 7.564
390 38.0 -7.597 7.235
200 41.0 -12.346 13.764
210 41.0 -12.185 13.271
220 41.0 -11.689 13.004
230 41.0 -11.763 12.490
240 41.0 -11.236 12.219
250 41.0 -11.084 11.701
260 41.0 -10.961 11.459
270 41.0 -10.590 10.864
280 41.0 -10.357 10.800
290 41.0 -10.161 10.134
300 41.0 -9.860 10.080
310 41.0 -9.562 9.732
320 41.0 -9.584 9.444
330 41.0 -9.278 9.142
340 41.0 -9.182 8.808
350 41.0 -9.212 8.610
360 41.0 -9.128 8.419
370 41.0 -8.795 8.024
380 41.0 -8.594 7.556
390 41.0 -8.266 7.640
200 44.0 -12.616 13.185
210 44.0 -12.281 12.728
220 44.0 -12.024 12.529
230 44.0 -11.666 12.126
240 44.0 -11.367 11.606
250 44.0 -11.118 11.234
260 44.0 -11.019 11.048
270 44.0 -10.767 10.764
280 44.0 -10.596 10.411
290 44.0 -10.402 10.105
300 44.0 -10.368 9.812
310 44.0 -10.036 9.560
320 44.0 -9.848 9.268
330 44.0 -9.720 8.937
340 44.0 -9.528 8.529
350 44.0 -9.335 8.229
360 44.0 -9.173 8.067
370 44.0 -9.091 7.723
380 44.0 -8.860 7.512
390 44.0 -8.655 7.309
200 47.0 -13.061 13.061
210 47.0 -12.726 12.562
220 47.0 -12.809 12.164
230 47.0 -12.191 12.036
240 47.0 -12.204 11.905
250 47.0 -11.779 11.278
260 47.0 -11.446 11.175
270 47.0 -11.549 10.859
280 47.0 -11.217 10.573
290 47.0 -11.053 9.992
300 47.0 -10.482 9.581
310 47.0 -10.594 9.665
320 47.0 -10.411 9.361
330 47.0 -10.319 8.857
340 47.0 -10.105 8.416
350 47.0 -10.041 8.182
360 47.0 -9.938 8.020
370 47.0 -9.829 7.902
380 47.0 -9.297 7.496
390 47.0 -9.336 7.207
200 50.0 -16.066 15.067
210 50.0 -15.707 14.629
220 50.0 -15.284 14.061
230 50.0 -15.077 13.928
240 50.0 -14.677 13.387
250 50.0 -14.283 13.273
260 50.0 -14.362 13.151
270 50.0 -14.357 13.417
280 50.0 -14.467 13.539
290 50.0 -14.493 13.625
300 50.0 -14.400 13.803
310 50.0 -14.327 13.959
320 50.0 -14.418 14.121
330 50.0 -14.390 14.409
340 50.0 -14.323 14.547
350 50.0 -14.315 14.568
360 50.0 -14.107 14.846
370 50.0 -13.837 14.883
380 50.0 -13.668 14.911
390 50.0 -13.387 14.910
200 56.0 -21.010 25.192
210 56.0 -20.523 24.504
220 56.0 -19.954 23.763
230 56.0 -19.437 22.955
240 56.0 -18.905 22.389
250 56.0 -18.499 21.767
260 56.0 -18.079 21.113
270 56.0 -17.476 20.478
280 56.0 -16.982 19.911
290 56.0 -16.534 19.240
300 56.0 -16.046 18.694
310 56.0 -15.587 18.157
320 56.0 -15.136 17.622
330 56.0 -14.675 17.088
340 56.0 -14.289 16.465
350 56.0 -13.928 16.097
360 56.0 -13.423 15.568
370 56.0 -13.159 14.987
380 56.0 -12.935 14.662
390 56.0 -12.425 14.106
200 59.0 -20.426 25.262
210 59.0 -20.155 24.980
220 59.0 -19.830 24.287
230 59.0 -19.319 23.644
240 59.0 -18.736 22.957
250 59.0 -18.182 22.342
260 59.0 -17.739 21.590
270 59.0 -17.233 20.916
280 59.0 -16.522 20.458
290 59.0 -16.186 19.679
300 59.0 -15.585 19.223
310 59.0 -15.006 18.659
320 59.0 -14.691 17.972
330 59.0 -14.205 17.232
340 59.0 -13.762 16.718
350 59.0 -13.496 16.327
360 59.0 -13.093 15.847
370 59.0 -12.885 15.321
380 59.0 -12.400 15.089
390 59.0 -11.961 14.426
230 53.0 -17.117 17.532
240 53.0 -17.050 17.859
250 53.0 -16.930 18.203
260 53.0 -16.931 18.439
270 53.0 -16.830 18.502
280 53.0 -16.697 18.609
290 53.0 -16.569 18.466
300 53.0 -16.409 18.115
310 53.0 -16.046 17.713
320 53.0 -15.724 17.247
330 53.0 -15.486 16.893
340 53.0 -15.177 16.514
350 53.0 -14.824 15.987
360 53.0 -14.271 15.576
370 53.0 -13.824 15.438
380 53.0 -13.527 15.217
390 53.0 -13.386 15.427
400 53.0 -13.148 15.254
410 53.0 -12.934 14.890
420 53.0 -12.841 14.482
400 5.0 -10.057 5.404
410 5.0 -9.606 4.835
420 5.0 -9.099 4.181
430 5.0 -9.080 4.212
440 5.0 -8.802 4.004
450 5.0 -8.967 3.648
460 5.0 -8.772 3.308
470 5.0 -8.265 3.280
480 5.0 -8.401 3.054
490 5.0 -8.240 2.835
500 5.0 -8.113 2.408
510 5.0 -8.121 2.504
520 5.0 -7.840 2.265
530 5.0 -7.618 1.849
540 5.0 -7.120 1.724
550 5.0 -6.609 1.251
560 5.0 -6.753 1.083
570 5.0 -6.268 0.658
580 5.0 -6.443 0.446
590 5.0 -6.134 0.574
400 8.0 -8.358 5.771
410 8.0 -8.412 5.594
420 8.0 -8.071 5.263
430 8.0 -7.849 5.203
440 8.0 -7.852 4.678
450 8.0 -7.505 4.098
460 8.0 -7.519 4.250
470 8.0 -7.678 3.652
480 8.0 -7.377 3.590
490 8.0 -7.159 3.606
500 8.0 -6.764 3.056
510 8.0 -6.563 2.746
520 8.0 -6.510 2.341
530 8.0 -6.390 2.087
540 8.0 -6.243 1.878
550 8.0 -6.126 1.677
560 8.0 -5.978 1.292
570 8.0 -5.674 0.934
580 8.0 -5.531 0.909
590 8.0 -5.421 0.818
400 18.0 -7.759 5.910
410 18.0 -7.603 5.794
420 18.0 -7.187 5.244
430 18.0 -7.077 5.174
440 18.0 -6.835 4.746
450 18.0 -6.730 4.397
460 18.0 -6.631 4.314
470 18.0 -6.230 3.919
480 18.0 -6.100 3.547
490 18.0 -5.900 3.516
500 18.0 -5.522 3.155
510 18.0 -5.571 2.813
520 18.0 -5.428 2.705
530 18.0 -5.062 2.071
540 18.0 -5.159 2.073
550 18.0 -5.213 1.926
560 18.0 -4.999 1.711
570 18.0 -4.742 1.574
580 18.0 -4.665 1.195
590 18.0 -4.275 0.909
400 21.0 -6.639 5.406
410 21.0 -6.648 5.136
420 21.0 -6.500 4.902
430 21.0 -6.197 4.728
440 21.0 -5.952 4.214
450 21.0 -5.935 4.114
460 21.0 -5.421 3.827
470 21.0 -5.351 3.345
480 21.0 -5.361 3.302
490 21.0 -4.985 3.031
500 21.0 -5.201 2.842
510 21.0 -5.053 2.490
520 21.0 -5.051 1.980
530 21.0 -4.571 1.811
540 21.0 -4.655 1.464
550 21.0 -4.514 1.406
560 21.0 -4.374 1.036
570 21.0 -4.289 1.010
580 21.0 -4.354 0.432
590 21.0 -4.439 0.301
400 24.0 -7.945 6.153
410 24.0 -7.843 5.545
420 24.0 -7.607 5.199
430 24.0 -7.640 5.075
440 24.0 -7.493 4.943
450 24.0 -7.413 4.846
460 24.0 -7.357 4.288
470 24.0 -6.965 3.968
480 24.0 -6.978 3.924
490 24.0 -6.740 3.514
500 24.0 -6.639 3.097
510 24.0 -6.402 2.789
520 24.0 -6.188 2.703
530 24.0 -5.996 2.362
540 24.0 -5.781 2.242
550 24.0 -5.546 1.943
560 24.0 -5.479 1.513
570 24.0 -5.081 1.260
580 24.0 -5.114 1.060
590 24.0 -4.997 1.078
400 36.0 -8.635 8.506
410 36.0 -8.447 7.893
420 36.0 -8.453 7.787
430 36.0 -8.220 7.415
440 36.0 -7.808 7.308
450 36.0 -7.996 6.891
460 36.0 -7.985 6.636
470 36.0 -7.585 6.281
480 36.0 -7.388 6.299
490 36.0 -7.447 5.674
500 36.0 -6.992 5.482
510 36.0 -6.839 5.129
520 36.0 -6.790 4.389
530 36.0 -6.549 4.668
540 36.0 -6.268 4.044
550 36.0 -6.279 3.856
560 36.0 -6.144 3.617
570 36.0 -6.073 3.266
580 36.0 -5.563 3.193
590 36.0 -5.688 2.883
400 39.0 -7.438 7.072
410 39.0 -7.107 6.749
420 39.0 -6.946 6.584
430 39.0 -6.789 6.260
440 39.0 -6.531 5.895
450 39.0 -6.465 5.665
460 39.0 -6.338 5.307
470 39.0 -6.087 5.109
480 39.0 -5.983 4.787
490 39.0 -5.800 4.585
500 39.0 -5.691 4.209
510 39.0 -5.449 4.105
520 39.0 -5.409 3.489
530 39.0 -5.180 3.586
540 39.0 -5.013 3.160
550 39.0 -4.841 2.917
560 39.0 -4.675 2.539
570 39.0 -4.497 2.340
580 39.0 -4.209 2.132
590 39.0 -4.153 1.864
400 42.0 -8.208 7.275
410 42.0 -7.812 7.133
420 42.0 -7.569 6.673
430 42.0 -7.460 6.346
440 42.0 -7.374 5.847
450 42.0 -7.156 5.976
460 42.0 -6.764 5.247
470 42.0 -6.569 5.257
480 42.0 -6.368 4.704
490 42.0 -6.217 4.590
500 42.0 -5.982 4.292
510 42.0 -6.112 4.013
520 42.0 -5.799 3.498
530 42.0 -5.606 3.315
540 42.0 -5.487 2.911
550 42.0 -5.325 2.946
560 42.0 -5.165 2.403
570 42.0 -5.015 2.350
580 42.0 -4.742 2.182
590 42.0 -4.605 1.798
400 45.0 -8.455 6.914
410 45.0 -8.403 6.680
420 45.0 -8.221 6.386
430 45.0 -7.940 6.037
440 45.0 -7.870 5.792
450 45.0 -7.616 5.390
460 45.0 -7.612 5.265
470 45.0 -7.463 5.128
480 45.0 -7.174 4.784
490 45.0 -6.994 4.452
500 45.0 -6.935 4.200
510 45.0 -6.610 3.863
520 45.0 -6.301 3.565
530 45.0 -6.286 3.331
540 45.0 -6.087 2.913
550 45.0 -5.913 2.805
560 45.0 -5.678 2.494
570 45.0 -5.639 2.242
580 45.0 -5.330 1.864
590 45.0 -5.195 1.646
400 48.0 -9.255 7.001
410 48.0 -9.018 6.931
420 48.0 -8.794 6.414
430 48.0 -8.636 5.947
440 48.0 -8.836 5.577
450 48.0 -8.218 5.581
460 48.0 -8.369 5.195
470 48.0 -7.888 4.908
480 48.0 -7.727 4.555
490 48.0 -7.423 4.221
500 48.0 -7.200 3.983
510 48.0 -6.865 3.720
520 48.0 -6.823 3.207
530 48.0 -6.630 2.984
540 48.0 -6.564 2.877
550 48.0 -6.505 2.676
560 48.0 -6.279 2.520
570 48.0 -6.335 1.882
580 48.0 -6.052 1.995
590 48.0 -5.731 1.509
400 51.0 -13.018 14.705
410 51.0 -11.982 14.592
420 51.0 -11.446 14.005
430 51.0 -10.693 13.425
440 51.0 -10.417 13.028
450 51.0 -10.387 12.605
460 51.0 -9.841 12.403
470 51.0 -9.773 11.968
480 51.0 -9.224 11.805
490 51.0 -9.203 11.266
500 51.0 -8.878 10.514
510 51.0 -8.854 10.503
520 51.0 -8.755 9.903
530 51.0 -8.466 9.342
540 51.0 -8.257 8.928
550 51.0 -8.198 8.492
560 51.0 -8.310 7.760
570 51.0 -8.200 7.526
580 51.0 -8.370 7.046
590 51.0 -8.086 6.370
400 57.0 -12.375 13.634
410 57.0 -11.479 13.202
420 57.0 -11.306 12.602
430 57.0 -10.741 12.321
440 57.0 -10.563 11.676
450 57.0 -9.996 11.400
460 57.0 -10.368 11.189
470 57.0 -9.677 10.377
480 57.0 -9.598 9.974
490 57.0 -9.097 9.496
500 57.0 -8.695 9.281
510 57.0 -8.594 8.876
520 57.0 -8.333 8.076
530 57.0 -8.134 8.042
540 57.0 -7.729 7.618
550 57.0 -7.581 7.019
560 57.0 -7.323 6.757
570 57.0 -6.945 6.296
580 57.0 -6.675 5.922
590 57.0 -6.818 5.327
400 60.0 -11.329 14.009
410 60.0 -11.145 13.307
420 60.0 -10.855 13.047
430 60.0 -10.596 12.171
440 60.0 -10.363 12.122
450 60.0 -10.077 11.728
460 60.0 -9.545 11.094
470 60.0 -9.215 10.733
480 60.0 -8.996 10.215
490 60.0 -8.868 9.979
500 60.0 -8.627 9.303
510 60.0 -8.464 9.155
520 60.0 -8.139 8.609
530 60.0 -7.886 8.158
540 60.0 -7.590 7.871
550 60.0 -7.298 7.195
560 60.0 -6.829 6.848
570 60.0 -6.732 6.398
580 60.0 -6.449 6.200
590 60.0 -6.435 5.737
430 54.0 -12.497 13.932
440 54.0 -12.105 13.336
450 54.0 -11.879 12.743
460 54.0 -11.517 12.022
470 54.0 -11.155 11.616
480 54.0 -10.891 10.804
490 54.0 -10.460 10.324
500 54.0 -10.125 9.937
510 54.0 -9.868 9.336
520 54.0 -9.533 8.759
530 54.0 -9.225 8.234
540 54.0 -9.050 7.819
550 54.0 -8.779 7.299
560 54.0 -8.574 6.872
570 54.0 -8.275 6.338
580 54.0 -7.957 5.854
590 54.0 -7.880 5.422
600 54.0 -7.697 5.096
610 54.0 -7.486 4.646
620 54.0 -7.324 4.318
