0 1.0 -7.068 12.575
10 1.0 -7.305 12.492
20 1.0 -7.068 12.155
30 1.0 -7.037 11.688
40 1.0 -6.879 11.575
50 1.0 -6.871 10.997
60 1.0 -7.015 10.356
70 1.0 -6.790 10.191
80 1.0 -6.799 9.763
90 1.0 -6.627 9.256
100 1.0 -6.652 8.597
110 1.0 -6.756 8.250
120 1.0 -6.849 7.796
130 1.0 -7.035 7.687
140 1.0 -6.825 7.036
150 1.0 -6.613 6.526
160 1.0 -6.782 6.213
170 1.0 -7.105 5.620
180 1.0 -6.762 5.207
190 1.0 -6.739 4.724
0 2.0 -7.869 12.296
10 2.0 -8.012 12.151
20 2.0 -7.491 12.017
30 2.0 -7.520 11.830
40 2.0 -7.473 11.588
50 2.0 -7.350 11.357
60 2.0 -7.251 10.916
70 2.0 -7.264 10.469
80 2.0 -7.285 10.098
90 2.0 -7.099 9.600
100 2.0 -7.267 9.064
110 2.0 -7.314 8.582
120 2.0 -7.279 8.132
130 2.0 -7.280 7.714
140 2.0 -7.231 7.022
150 2.0 -7.432 6.763
160 2.0 -7.425 6.297
170 2.0 -7.243 5.649
180 2.0 -7.292 5.231
190 2.0 -7.459 4.743
0 8.0 -4.628 7.067
10 8.0 -4.483 7.544
20 8.0 -4.424 8.035
30 8.0 -4.171 8.479
40 8.0 -4.563 8.849
50 8.0 -4.446 9.486
60 8.0 -4.465 10.039
70 8.0 -4.510 10.222
80 8.0 -4.404 10.894
90 8.0 -4.307 11.265
100 8.0 -4.473 11.611
110 8.0 -4.501 11.856
120 8.0 -4.263 12.473
130 8.0 -4.369 12.704
140 8.0 -4.376 13.155
150 8.0 -4.588 13.634
160 8.0 -4.415 13.926
170 8.0 -4.512 14.435
180 8.0 -4.566 14.819
190 8.0 -4.448 15.433
0 9.0 -5.171 6.925
10 9.0 -5.205 7.400
20 9.0 -5.252 7.816
30 9.0 -5.153 8.283
40 9.0 -5.066 8.774
50 9.0 -5.142 9.255
60 9.0 -5.125 9.687
70 9.0 -5.157 10.139
80 9.0 -5.153 10.602
90 9.0 -5.097 11.029
100 9.0 -5.287 11.657
110 9.0 -5.309 11.819
120 9.0 -5.334 12.395
130 9.0 -5.221 12.697
140 9.0 -5.266 13.199
150 9.0 -5.174 13.617
160 9.0 -5.227 13.896
170 9.0 -5.375 14.391
180 9.0 -5.466 14.786
190 9.0 -5.379 14.951
110 10.0 -6.026 15.017
120 10.0 -6.166 14.459
130 10.0 -6.239 14.103
140 10.0 -6.253 13.508
150 10.0 -6.347 13.106
160 10.0 -6.270 12.564
170 10.0 -6.368 12.008
180 10.0 -6.450 11.408
190 10.0 -6.540 11.018
200 10.0 -6.691 10.487
210 10.0 -6.741 9.957
220 10.0 -6.828 9.459
230 10.0 -6.911 8.987
240 10.0 -7.232 8.572
250 10.0 -7.186 8.253
260 10.0 -7.452 7.700
270 10.0 -7.506 7.233
280 10.0 -7.555 6.794
290 10.0 -7.636 6.303
300 10.0 -7.728 5.917
110 11.0 -5.318 15.009
120 11.0 -5.428 14.408
130 11.0 -5.552 14.118
140 11.0 -5.506 13.768
150 11.0 -5.661 13.267
160 11.0 -5.351 12.629
170 11.0 -5.246 12.137
180 11.0 -5.439 11.370
190 11.0 -5.567 10.888
200 11.0 -5.655 10.650
210 11.0 -5.659 10.138
220 11.0 -5.738 9.321
230 11.0 -5.779 9.078
240 11.0 -6.171 8.535
250 11.0 -6.167 8.036
260 11.0 -6.555 7.721
270 11.0 -6.757 7.286
280 11.0 -6.608 6.879
290 11.0 -6.706 6.560
300 11.0 -6.512 5.717
170 13.0 -4.249 -0.165
180 13.0 -4.528 0.556
190 13.0 -4.301 0.997
200 13.0 -4.389 1.565
210 13.0 -4.479 2.330
220 13.0 -4.834 2.880
230 13.0 -4.659 3.352
240 13.0 -4.689 4.328
250 13.0 -4.836 4.277
260 13.0 -5.061 4.993
270 13.0 -5.037 5.625
280 13.0 -5.040 6.194
290 13.0 -5.145 6.544
300 13.0 -4.985 7.490
310 13.0 -5.352 7.773
320 13.0 -5.345 8.601
330 13.0 -5.053 9.138
340 13.0 -5.081 9.838
350 13.0 -5.327 10.533
360 13.0 -5.519 11.163
180 12.0 -4.932 0.388
190 12.0 -5.032 0.937
200 12.0 -5.089 1.481
210 12.0 -5.280 2.114
220 12.0 -5.296 2.606
230 12.0 -5.223 3.234
240 12.0 -5.290 3.799
250 12.0 -5.304 4.443
260 12.0 -5.223 5.100
270 12.0 -5.309 5.629
280 12.0 -5.247 6.309
290 12.0 -5.298 6.805
300 12.0 -5.311 7.352
310 12.0 -5.468 8.036
320 12.0 -5.485 8.534
330 12.0 -5.562 9.171
340 12.0 -5.751 9.839
350 12.0 -5.798 10.441
360 12.0 -5.896 10.924
370 12.0 -5.802 11.479
320 14.0 -4.967 0.234
330 14.0 -4.761 0.587
340 14.0 -4.546 1.004
350 14.0 -4.626 1.240
360 14.0 -4.564 1.573
370 14.0 -4.717 2.076
380 14.0 -4.654 2.353
390 14.0 -4.596 3.026
400 14.0 -4.523 3.150
410 14.0 -4.513 3.420
420 14.0 -4.672 3.839
430 14.0 -4.394 3.983
440 14.0 -4.654 4.411
450 14.0 -4.546 4.787
460 14.0 -4.483 5.029
470 14.0 -4.496 5.429
480 14.0 -4.373 5.698
490 14.0 -4.487 6.032
500 14.0 -4.594 6.385
510 14.0 -4.512 7.186
320 16.0 -4.305 0.142
330 16.0 -4.296 0.486
340 16.0 -4.179 0.854
350 16.0 -4.299 1.208
360 16.0 -4.022 1.703
370 16.0 -4.080 2.041
380 16.0 -4.065 2.231
390 16.0 -4.029 2.706
400 16.0 -4.072 3.057
410 16.0 -3.969 3.386
420 16.0 -4.028 3.839
430 16.0 -4.068 4.287
440 16.0 -4.027 4.525
450 16.0 -3.970 4.922
460 16.0 -3.866 5.229
470 16.0 -3.908 5.633
480 16.0 -3.948 6.049
490 16.0 -3.999 6.376
500 16.0 -4.005 6.660
510 16.0 -4.082 7.109
320 18.0 -4.462 15.166
330 18.0 -4.422 14.563
340 18.0 -4.401 13.697
350 18.0 -4.113 13.267
360 18.0 -4.497 12.456
370 18.0 -4.392 12.036
380 18.0 -4.595 11.472
390 18.0 -4.777 10.862
400 18.0 -4.771 10.381
410 18.0 -4.965 9.772
420 18.0 -5.345 9.028
430 18.0 -5.491 8.684
440 18.0 -5.834 8.094
450 18.0 -5.796 7.471
460 18.0 -5.854 7.146
470 18.0 -6.094 6.364
480 18.0 -6.498 6.010
490 18.0 -6.743 5.605
500 18.0 -6.837 4.981
510 18.0 -7.216 4.725
330 19.0 -5.450 -0.255
340 19.0 -5.563 0.188
350 19.0 -5.502 0.684
360 19.0 -5.682 1.029
370 19.0 -5.671 1.465
380 19.0 -5.623 1.847
390 19.0 -5.592 2.180
400 19.0 -5.625 2.676
410 19.0 -5.509 3.025
420 19.0 -5.551 3.397
430 19.0 -5.702 3.828
440 19.0 -5.670 4.235
450 19.0 -5.582 4.626
460 19.0 -5.698 5.051
470 19.0 -5.550 5.382
480 19.0 -5.682 5.902
490 19.0 -5.625 6.363
500 19.0 -5.715 6.610
510 19.0 -5.895 7.185
520 19.0 -5.921 7.525
340 20.0 -4.679 0.049
350 20.0 -4.836 0.483
360 20.0 -4.765 0.842
370 20.0 -4.836 1.084
380 20.0 -4.786 1.535
390 20.0 -4.937 1.905
400 20.0 -4.819 2.320
410 20.0 -4.760 2.667
420 20.0 -4.749 3.305
430 20.0 -4.787 3.704
440 20.0 -4.907 4.100
450 20.0 -4.830 4.336
460 20.0 -4.771 4.778
470 20.0 -4.957 5.284
480 20.0 -5.153 5.680
490 20.0 -5.098 6.145
500 20.0 -5.080 6.501
510 20.0 -5.148 7.070
520 20.0 -5.160 7.481
530 20.0 -5.352 7.770
450 21.0 -4.081 15.702
460 21.0 -4.115 14.601
470 21.0 -3.940 13.985
480 21.0 -4.160 13.482
490 21.0 -3.560 12.480
500 21.0 -3.957 11.794
510 21.0 -3.674 11.239
520 21.0 -3.702 10.747
530 21.0 -3.577 10.158
540 21.0 -3.664 9.344
550 21.0 -3.736 8.774
560 21.0 -3.782 8.114
570 21.0 -3.788 7.631
580 21.0 -3.935 6.661
590 21.0 -4.168 6.512
600 21.0 -3.893 5.882
610 21.0 -4.372 4.916
620 21.0 -4.149 4.477
630 21.0 -4.281 3.571
640 21.0 -4.384 3.224
520 15.0 -4.786 7.401
530 15.0 -4.769 7.911
540 15.0 -4.757 8.410
550 15.0 -4.823 8.883
560 15.0 -4.869 9.211
570 15.0 -4.932 9.502
580 15.0 -4.805 10.179
590 15.0 -4.723 10.473
600 15.0 -4.722 10.954
610 15.0 -4.785 11.534
620 15.0 -4.945 11.639
630 15.0 -4.905 12.247
640 15.0 -5.460 12.388
650 15.0 -5.095 13.015
660 15.0 -5.164 13.332
670 15.0 -5.599 13.491
680 15.0 -5.349 14.077
690 15.0 -5.513 14.466
700 15.0 -5.742 14.375
710 15.0 -5.770 14.867
520 17.0 -4.122 7.306
530 17.0 -4.205 7.981
540 17.0 -4.205 8.147
550 17.0 -4.199 8.852
560 17.0 -4.468 8.986
570 17.0 -4.239 9.451
580 17.0 -4.285 9.879
590 17.0 -4.196 10.298
600 17.0 -4.258 10.889
610 17.0 -4.018 11.173
620 17.0 -4.011 11.656
630 17.0 -4.330 12.058
640 17.0 -4.549 12.465
650 17.0 -4.443 12.850
660 17.0 -4.576 13.377
670 17.0 -4.696 13.676
680 17.0 -4.811 14.105
690 17.0 -4.980 14.228
700 17.0 -4.918 14.514
710 17.0 -5.311 14.872
600 22.0 -4.835 15.134
610 22.0 -4.685 14.643
620 22.0 -4.517 14.196
630 22.0 -4.336 13.864
640 22.0 -4.143 13.303
650 22.0 -3.961 12.814
660 22.0 -4.138 12.290
670 22.0 -4.218 11.751
680 22.0 -4.268 11.270
690 22.0 -4.542 10.681
700 22.0 -4.680 10.106
710 22.0 -4.834 9.566
720 22.0 -4.948 9.076
730 22.0 -5.098 8.566
740 22.0 -5.103 8.096
750 22.0 -5.059 7.515
760 22.0 -5.047 6.965
770 22.0 -5.031 6.535
780 22.0 -4.984 6.000
790 22.0 -5.010 5.496
610 23.0 -2.812 15.259
620 23.0 -2.856 14.700
630 23.0 -2.742 14.283
640 23.0 -2.719 13.684
650 23.0 -2.702 13.179
660 23.0 -2.661 12.668
670 23.0 -2.767 12.022
680 23.0 -2.666 11.530
690 23.0 -2.729 11.075
700 23.0 -2.781 10.416
710 23.0 -2.833 9.825
720 23.0 -2.959 9.411
730 23.0 -2.935 8.861
740 23.0 -3.076 8.331
750 23.0 -3.118 7.773
760 23.0 -3.110 7.200
770 23.0 -3.161 6.767
780 23.0 -3.077 6.237
790 23.0 -2.908 5.807
800 23.0 -3.069 5.160
620 24.0 -4.063 14.859
630 24.0 -3.693 14.224
640 24.0 -3.519 13.939
650 24.0 -3.429 13.209
660 24.0 -3.403 12.813
670 24.0 -3.542 12.367
680 24.0 -3.565 11.742
690 24.0 -3.579 11.299
700 24.0 -3.594 10.557
710 24.0 -3.685 10.062
720 24.0 -3.836 9.533
730 24.0 -3.778 8.961
740 24.0 -4.029 8.497
750 24.0 -3.916 7.990
760 24.0 -4.104 7.274
770 24.0 -3.927 6.825
780 24.0 -4.323 6.444
790 24.0 -4.080 5.887
800 24.0 -4.299 5.105
810 24.0 -4.201 4.891
680 25.0 -3.661 15.374
690 25.0 -3.850 14.880
700 25.0 -3.850 14.376
710 25.0 -3.874 13.587
720 25.0 -4.036 13.166
730 25.0 -4.083 12.683
740 25.0 -4.122 12.266
750 25.0 -4.249 11.661
760 25.0 -4.084 11.097
770 25.0 -4.139 10.519
780 25.0 -4.316 9.748
790 25.0 -4.275 9.466
800 25.0 -4.348 8.650
810 25.0 -4.358 8.227
820 25.0 -4.147 7.853
830 25.0 -4.344 7.513
840 25.0 -4.321 6.700
850 25.0 -4.350 6.388
860 25.0 -4.368 5.721
870 25.0 -4.376 5.574
680 26.0 -4.254 15.417
690 26.0 -4.471 14.890
700 26.0 -4.386 14.133
710 26.0 -4.406 13.649
720 26.0 -4.461 13.153
730 26.0 -4.572 12.559
740 26.0 -4.338 12.080
750 26.0 -4.793 11.688
760 26.0 -4.757 11.182
770 26.0 -5.031 10.653
780 26.0 -4.937 10.156
790 26.0 -5.047 9.395
800 26.0 -5.212 9.057
810 26.0 -4.960 8.763
820 26.0 -4.978 8.146
830 26.0 -4.960 7.455
840 26.0 -4.716 6.913
850 26.0 -5.035 6.613
860 26.0 -4.669 6.264
870 26.0 -4.804 5.592
710 27.0 -5.026 14.708
720 27.0 -4.850 14.105
730 27.0 -5.098 13.853
740 27.0 -5.247 12.992
750 27.0 -5.684 12.472
760 27.0 -5.614 11.633
770 27.0 -5.952 11.243
780 27.0 -6.342 10.529
790 27.0 -6.655 9.653
800 27.0 -6.700 9.271
810 27.0 -6.985 8.604
820 27.0 -7.156 7.987
830 27.0 -7.404 7.610
840 27.0 -7.367 6.603
850 27.0 -7.803 5.895
860 27.0 -7.582 5.412
870 27.0 -8.074 4.859
880 27.0 -8.105 4.211
890 27.0 -8.171 3.438
900 27.0 -8.090 3.056
710 28.0 -3.969 15.368
720 28.0 -4.129 14.610
730 28.0 -4.375 13.975
740 28.0 -4.517 13.353
750 28.0 -4.601 12.643
760 28.0 -4.897 11.893
770 28.0 -5.213 11.413
780 28.0 -5.407 10.776
790 28.0 -5.562 10.049
800 28.0 -5.902 9.368
810 28.0 -5.984 8.643
820 28.0 -6.263 8.049
830 28.0 -6.454 7.315
840 28.0 -6.796 6.743
850 28.0 -6.766 6.043
860 28.0 -6.931 5.435
870 28.0 -7.274 4.744
880 28.0 -7.184 3.927
890 28.0 -7.382 3.427
900 28.0 -7.480 2.919
740 29.0 -4.762 14.923
750 29.0 -4.898 14.372
760 29.0 -5.131 13.786
770 29.0 -5.191 13.129
780 29.0 -5.462 12.555
790 29.0 -5.769 12.030
800 29.0 -6.079 11.674
810 29.0 -6.235 10.991
820 29.0 -6.510 10.381
830 29.0 -6.712 10.092
840 29.0 -7.023 9.194
850 29.0 -7.216 8.841
860 29.0 -7.534 8.292
870 29.0 -7.476 7.659
880 29.0 -7.579 7.136
890 29.0 -7.787 6.723
900 29.0 -7.758 5.849
910 29.0 -7.917 5.307
920 29.0 -7.980 4.700
930 29.0 -8.090 4.345
740 30.0 -3.749 14.932
750 30.0 -3.642 14.347
760 30.0 -3.941 13.701
770 30.0 -3.796 13.237
780 30.0 -3.984 12.577
790 30.0 -4.310 12.001
800 30.0 -4.811 11.386
810 30.0 -5.234 10.784
820 30.0 -5.265 10.413
830 30.0 -5.761 9.695
840 30.0 -5.943 9.366
850 30.0 -6.199 8.658
860 30.0 -6.350 8.146
870 30.0 -6.533 7.406
880 30.0 -6.760 6.953
890 30.0 -6.998 6.334
900 30.0 -6.822 5.704
910 30.0 -7.006 5.140
920 30.0 -7.130 4.752
930 30.0 -7.125 4.004
750 31.0 -5.142 0.112
760 31.0 -5.170 0.927
770 31.0 -5.100 1.518
780 31.0 -5.369 1.972
790 31.0 -5.402 2.724
800 31.0 -5.534 3.213
810 31.0 -5.803 3.701
820 31.0 -5.621 4.439
830 31.0 -5.758 5.094
840 31.0 -5.776 5.556
850 31.0 -5.831 6.203
860 31.0 -5.795 6.687
870 31.0 -5.717 7.303
880 31.0 -5.622 7.891
890 31.0 -5.632 8.549
900 31.0 -5.633 8.838
910 31.0 -5.430 9.750
920 31.0 -5.586 10.054
930 31.0 -5.488 10.592
940 31.0 -5.513 11.032
750 37.0 -5.488 -0.084
760 37.0 -5.585 0.522
770 37.0 -5.834 1.122
780 37.0 -5.684 1.610
790 37.0 -5.850 2.330
800 37.0 -6.008 2.982
810 37.0 -6.132 3.497
820 37.0 -6.208 4.122
830 37.0 -6.095 4.757
840 37.0 -6.187 5.256
850 37.0 -6.310 5.909
860 37.0 -6.140 6.421
870 37.0 -6.174 7.050
880 37.0 -6.215 7.635
890 37.0 -6.088 8.153
900 37.0 -5.994 8.901
910 37.0 -6.148 9.479
920 37.0 -5.898 10.168
930 37.0 -5.881 10.434
940 37.0 -6.099 11.079
950 32.0 -5.599 11.428
960 32.0 -5.703 11.663
970 32.0 -5.795 11.827
980 32.0 -6.066 12.098
990 32.0 -5.952 12.189
1000 32.0 -6.111 12.494
1010 32.0 -6.136 12.446
1020 32.0 -6.113 12.438
1030 32.0 -6.150 12.424
1040 32.0 -6.136 12.502
1050 32.0 -6.088 12.377
1060 32.0 -6.223 12.517
1070 32.0 -6.207 12.456
1080 32.0 -6.161 12.493
1090 32.0 -6.172 12.435
1100 32.0 -6.061 12.484
1110 32.0 -6.128 12.511
1120 32.0 -6.240 12.445
1130 32.0 -6.059 12.336
1140 32.0 -6.118 12.438
950 38.0 -5.949 11.694
960 38.0 -5.916 12.025
970 38.0 -5.988 12.291
980 38.0 -5.945 12.541
990 38.0 -5.994 12.813
1000 38.0 -5.909 12.807
1010 38.0 -5.937 12.886
1020 38.0 -5.984 12.802
1030 38.0 -6.008 12.934
1040 38.0 -6.033 12.793
1050 38.0 -6.001 12.782
1060 38.0 -6.043 12.804
1070 38.0 -6.056 12.786
1080 38.0 -5.905 12.897
1090 38.0 -5.976 12.776
1100 38.0 -5.898 12.787
1110 38.0 -5.927 12.959
1120 38.0 -5.950 12.896
1130 38.0 -5.950 12.872
1140 38.0 -5.985 12.955
1150 33.0 -6.241 12.302
1160 33.0 -6.267 12.216
1170 33.0 -6.261 12.487
1180 33.0 -6.299 12.497
1190 33.0 -5.910 12.491
1200 33.0 -5.922 12.379
1210 33.0 -6.482 12.679
1220 33.0 -6.162 12.343
1230 33.0 -6.136 12.417
1240 33.0 -6.159 12.714
1250 33.0 -6.122 12.536
1260 33.0 -5.927 12.658
1270 33.0 -6.157 12.533
1280 33.0 -5.962 12.458
1290 33.0 -6.184 12.391
1300 33.0 -6.164 12.421
1310 33.0 -6.398 12.592
1320 33.0 -6.265 12.459
1330 33.0 -6.009 12.620
1340 33.0 -6.246 12.418
1150 39.0 -5.839 12.757
1160 39.0 -5.952 12.971
1170 39.0 -5.969 12.890
1180 39.0 -6.219 12.863
1190 39.0 -5.947 12.905
1200 39.0 -6.043 12.909
1210 39.0 -5.953 12.840
1220 39.0 -5.988 12.886
1230 39.0 -5.853 12.837
1240 39.0 -6.076 12.930
1250 39.0 -5.825 12.786
1260 39.0 -5.940 12.820
1270 39.0 -5.965 12.915
1280 39.0 -5.861 12.805
1290 39.0 -5.811 12.832
1300 39.0 -6.112 12.693
1310 39.0 -5.930 12.812
1320 39.0 -5.998 12.830
1330 39.0 -5.965 12.767
1340 39.0 -6.187 12.874
1190 51.0 -9.766 -0.104
1200 51.0 -9.346 0.370
1210 51.0 -8.875 0.714
1220 51.0 -8.462 1.266
1230 51.0 -8.233 1.851
1240 51.0 -8.065 2.159
1250 51.0 -7.993 2.837
1260 51.0 -7.585 3.377
1270 51.0 -7.484 4.028
1280 51.0 -7.264 4.725
1290 51.0 -7.112 5.199
1300 51.0 -6.886 5.850
1310 51.0 -6.772 6.428
1320 51.0 -6.540 7.051
1330 51.0 -6.271 7.633
1340 51.0 -6.061 8.252
1350 51.0 -6.011 8.893
1360 51.0 -5.734 9.471
1370 51.0 -5.399 10.240
1380 51.0 -5.302 10.873
1280 52.0 -4.259 -0.060
1290 52.0 -4.329 0.545
1300 52.0 -4.475 1.231
1310 52.0 -4.389 1.740
1320 52.0 -4.664 2.386
1330 52.0 -4.822 3.096
1340 52.0 -4.844 3.812
1350 52.0 -4.898 4.339
1360 52.0 -4.977 5.240
1370 52.0 -4.861 5.578
1380 52.0 -4.817 6.268
1390 52.0 -5.094 7.051
1400 52.0 -5.009 7.571
1410 52.0 -4.830 8.380
1420 52.0 -5.067 8.882
1430 52.0 -4.997 9.620
1440 52.0 -5.064 10.428
1450 52.0 -5.149 11.138
1460 52.0 -5.179 11.745
1470 52.0 -5.120 12.406
1350 34.0 -6.065 12.475
1360 34.0 -6.185 12.325
1370 34.0 -5.943 12.419
1380 34.0 -6.200 12.450
1390 34.0 -6.139 12.536
1400 34.0 -6.189 12.391
1410 34.0 -6.032 12.611
1420 34.0 -6.378 12.668
1430 34.0 -6.184 12.602
1440 34.0 -6.060 12.534
1450 34.0 -6.305 12.615
1460 34.0 -5.917 12.453
1470 34.0 -6.013 12.520
1480 34.0 -6.177 12.450
1490 34.0 -6.060 12.394
1500 34.0 -6.250 12.436
1510 34.0 -6.144 12.757
1520 34.0 -6.107 12.585
1530 34.0 -6.058 12.601
1540 34.0 -6.086 12.616
1350 40.0 -5.917 12.941
1360 40.0 -6.113 12.914
1370 40.0 -6.092 12.759
1380 40.0 -5.802 12.831
1390 40.0 -5.948 13.183
1400 40.0 -5.979 12.926
1410 40.0 -5.977 12.986
1420 40.0 -6.107 12.906
1430 40.0 -6.125 12.768
1440 40.0 -6.023 12.841
1450 40.0 -5.959 12.834
1460 40.0 -6.007 12.975
1470 40.0 -6.046 12.840
1480 40.0 -6.081 12.867
1490 40.0 -6.002 12.976
1500 40.0 -6.228 12.852
1510 40.0 -6.010 12.720
1520 40.0 -6.056 13.023
1530 40.0 -6.089 13.071
1540 40.0 -5.895 12.792
1530 53.0 -8.739 -0.085
1540 53.0 -8.364 0.428
1550 53.0 -8.396 0.913
1560 53.0 -8.175 1.359
1570 53.0 -7.957 1.624
1580 53.0 -8.173 2.038
1590 53.0 -8.119 2.690
1600 53.0 -8.149 2.963
1610 53.0 -7.990 3.457
1620 53.0 -7.661 3.716
1630 53.0 -7.784 4.341
1640 53.0 -7.741 4.545
1650 53.0 -7.583 5.322
1660 53.0 -7.856 5.595
1670 53.0 -7.760 6.134
1680 53.0 -7.603 6.754
1690 53.0 -7.292 6.791
1700 53.0 -7.189 7.712
1710 53.0 -7.126 8.156
1720 53.0 -7.001 8.800
1550 35.0 -6.132 12.442
1560 35.0 -6.152 12.450
1570 35.0 -6.260 12.524
1580 35.0 -6.108 12.566
1590 35.0 -6.228 12.554
1600 35.0 -6.195 12.534
1610 35.0 -6.056 12.312
1620 35.0 -6.117 12.527
1630 35.0 -6.050 12.392
1640 35.0 -6.016 12.569
1650 35.0 -6.036 12.515
1660 35.0 -6.084 12.657
1670 35.0 -6.293 12.489
1680 35.0 -6.222 12.502
1690 35.0 -6.169 12.358
1700 35.0 -6.205 12.397
1710 35.0 -6.210 12.528
1720 35.0 -6.257 12.595
1730 35.0 -6.041 12.623
1740 35.0 -6.453 12.485
1550 41.0 -5.910 12.859
1560 41.0 -6.002 12.854
1570 41.0 -6.001 12.910
1580 41.0 -5.872 12.899
1590 41.0 -6.088 12.917
1600 41.0 -6.067 13.016
1610 41.0 -6.036 12.906
1620 41.0 -6.134 12.916
1630 41.0 -5.929 12.959
1640 41.0 -6.004 13.053
1650 41.0 -6.114 12.812
1660 41.0 -5.976 12.973
1670 41.0 -5.986 12.865
1680 41.0 -6.093 12.918
1690 41.0 -5.862 12.821
1700 41.0 -6.034 12.991
1710 41.0 -6.043 12.883
1720 41.0 -6.014 12.935
1730 41.0 -6.051 12.897
1740 41.0 -5.973 12.792
1580 55.0 -4.171 15.090
1590 55.0 -4.208 14.540
1600 55.0 -4.480 13.899
1610 55.0 -4.225 13.183
1620 55.0 -4.272 12.891
1630 55.0 -4.041 12.406
1640 55.0 -3.930 11.751
1650 55.0 -4.035 11.251
1660 55.0 -4.236 10.594
1670 55.0 -4.151 10.164
1680 55.0 -4.194 9.629
1690 55.0 -3.953 9.106
1700 55.0 -4.190 8.744
1710 55.0 -4.239 8.225
1720 55.0 -4.148 7.678
1730 55.0 -3.978 7.286
1740 55.0 -4.152 7.067
1750 55.0 -4.294 6.452
1760 55.0 -4.354 6.166
1770 55.0 -4.393 5.550
1590 54.0 -4.735 14.769
1600 54.0 -4.769 14.141
1610 54.0 -4.907 13.583
1620 54.0 -4.815 13.200
1630 54.0 -4.882 12.639
1640 54.0 -4.900 12.185
1650 54.0 -4.781 11.456
1660 54.0 -4.568 10.908
1670 54.0 -4.710 10.383
1680 54.0 -4.806 10.011
1690 54.0 -4.705 9.418
1700 54.0 -4.657 8.962
1710 54.0 -4.730 8.419
1720 54.0 -4.815 8.003
1730 54.0 -4.975 7.539
1740 54.0 -4.950 7.081
1750 54.0 -4.814 6.831
1760 54.0 -4.835 6.147
1770 54.0 -4.792 5.757
1780 54.0 -4.833 5.297
1640 59.0 -5.544 0.068
1650 59.0 -5.628 0.399
1660 59.0 -6.014 0.742
1670 59.0 -6.183 0.983
1680 59.0 -6.392 0.971
1690 59.0 -6.629 1.240
1700 59.0 -6.956 1.255
1710 59.0 -7.121 1.458
1720 59.0 -7.079 1.652
1730 59.0 -7.150 1.872
1740 59.0 -7.283 1.889
1750 59.0 -7.313 2.087
1760 59.0 -7.675 2.259
1770 59.0 -7.633 2.305
1780 59.0 -7.728 2.339
1790 59.0 -7.920 2.477
1800 59.0 -8.012 2.525
1810 59.0 -8.123 2.547
1820 59.0 -8.347 2.667
1830 59.0 -8.348 2.626
1650 56.0 -6.571 0.242
1660 56.0 -6.824 0.470
1670 56.0 -6.930 0.722
1680 56.0 -7.271 1.062
1690 56.0 -7.384 1.344
1700 56.0 -7.619 1.736
1710 56.0 -7.811 2.035
1720 56.0 -7.950 2.330
1730 56.0 -8.137 2.598
1740 56.0 -8.285 2.753
1750 56.0 -8.524 2.888
1760 56.0 -8.716 3.084
1770 56.0 -8.726 3.305
1780 56.0 -8.664 3.275
1790 56.0 -8.734 3.378
1800 56.0 -8.874 3.517
1810 56.0 -8.741 3.523
1820 56.0 -8.617 3.524
1830 56.0 -8.616 3.592
1840 56.0 -8.644 3.575
1680 62.0 -5.668 0.304
1690 62.0 -5.964 0.632
1700 62.0 -5.727 1.033
1710 62.0 -5.849 1.852
1720 62.0 -5.780 2.095
1730 62.0 -5.834 2.575
1740 62.0 -6.043 2.982
1750 62.0 -6.052 3.445
1760 62.0 -6.044 3.837
1770 62.0 -5.991 4.428
1780 62.0 -6.087 4.719
1790 62.0 -6.361 5.320
1800 62.0 -6.220 5.605
1810 62.0 -6.228 5.886
1820 62.0 -6.136 6.553
1830 62.0 -6.018 6.982
1840 62.0 -6.218 7.409
1850 62.0 -6.186 7.919
1860 62.0 -6.118 8.203
1870 62.0 -5.980 8.964
1680 63.0 -4.865 0.074
1690 63.0 -4.923 0.705
1700 63.0 -4.706 0.992
1710 63.0 -4.738 1.474
1720 63.0 -4.933 1.907
1730 63.0 -4.856 2.575
1740 63.0 -4.750 3.028
1750 63.0 -5.101 3.406
1760 63.0 -4.860 3.864
1770 63.0 -5.023 4.230
1780 63.0 -5.120 4.935
1790 63.0 -5.063 5.406
1800 63.0 -5.138 5.728
1810 63.0 -5.189 5.858
1820 63.0 -5.325 6.673
1830 63.0 -5.243 7.127
1840 63.0 -4.809 7.409
1850 63.0 -4.917 7.807
1860 63.0 -5.026 8.515
1870 63.0 -5.103 8.692
1750 36.0 -6.084 12.348
1760 36.0 -6.147 12.481
1770 36.0 -6.206 12.524
1780 36.0 -6.133 12.609
1790 36.0 -6.178 12.591
1800 36.0 -6.109 12.377
1810 36.0 -6.103 12.578
1820 36.0 -6.263 12.716
1830 36.0 -6.072 12.591
1840 36.0 -6.267 12.658
1850 36.0 -6.415 12.515
1860 36.0 -5.832 12.516
1870 36.0 -5.528 12.233
1880 36.0 -5.539 12.113
1890 36.0 -4.960 12.162
1900 36.0 -4.300 12.268
1910 36.0 -3.606 12.015
1920 36.0 -2.764 12.081
1930 36.0 -1.584 12.030
1940 36.0 -0.696 12.130
1750 42.0 -5.995 12.962
1760 42.0 -5.946 12.871
1770 42.0 -6.016 12.921
1780 42.0 -6.016 12.950
1790 42.0 -5.920 13.032
1800 42.0 -6.017 12.960
1810 42.0 -5.920 13.025
1820 42.0 -5.956 12.988
1830 42.0 -6.032 12.916
1840 42.0 -6.131 13.027
1850 42.0 -5.956 12.944
1860 42.0 -5.898 13.144
1870 42.0 -6.145 12.980
1880 42.0 -6.042 12.944
1890 42.0 -5.988 13.016
1900 42.0 -6.070 13.077
1910 42.0 -6.021 12.754
1920 42.0 -6.286 12.652
1930 42.0 -6.353 12.449
1940 42.0 -6.513 12.520
1840 60.0 -8.401 2.760
1850 60.0 -8.365 2.688
1860 60.0 -8.385 3.009
1870 60.0 -8.362 2.889
1880 60.0 -8.468 2.974
1890 60.0 -8.333 2.996
1900 60.0 -8.319 2.951
1910 60.0 -8.246 3.321
1920 60.0 -8.353 3.328
1930 60.0 -8.418 3.472
1940 60.0 -8.244 3.618
1950 60.0 -8.103 3.789
1960 60.0 -8.271 4.229
1970 60.0 -7.940 4.383
1980 60.0 -8.089 4.515
1990 60.0 -7.931 4.772
2000 60.0 -7.791 4.955
2010 60.0 -7.866 5.137
2020 60.0 -7.607 5.314
2030 60.0 -7.614 5.864
1850 57.0 -8.707 3.610
1860 57.0 -8.648 3.533
1870 57.0 -8.556 3.609
1880 57.0 -8.679 3.590
1890 57.0 -8.543 3.531
1900 57.0 -8.732 3.976
1910 57.0 -8.523 3.914
1920 57.0 -8.370 4.033
1930 57.0 -8.293 4.045
1940 57.0 -8.260 4.247
1950 57.0 -8.195 4.674
1960 57.0 -8.346 4.860
1970 57.0 -8.078 5.094
1980 57.0 -7.886 5.407
1990 57.0 -8.005 5.715
2000 57.0 -7.700 6.043
2010 57.0 -7.670 6.269
2020 57.0 -7.507 6.358
2030 57.0 -7.411 6.740
2040 57.0 -7.435 7.203
1870 64.0 -7.102 0.003
1880 64.0 -7.385 0.400
1890 64.0 -7.208 0.889
1900 64.0 -7.190 1.323
1910 64.0 -7.257 1.620
1920 64.0 -7.197 1.999
1930 64.0 -7.259 2.233
1940 64.0 -7.203 2.749
1950 64.0 -7.404 3.121
1960 64.0 -7.122 3.539
1970 64.0 -7.127 4.071
1980 64.0 -6.466 4.271
1990 64.0 -6.552 4.579
2000 64.0 -6.548 5.083
2010 64.0 -6.167 5.352
2020 64.0 -6.109 5.564
2030 64.0 -5.983 6.269
2040 64.0 -5.661 6.533
2050 64.0 -5.509 6.915
2060 64.0 -5.533 7.338
1890 66.0 -7.739 -0.033
1900 66.0 -7.529 0.178
1910 66.0 -7.642 0.744
1920 66.0 -7.681 1.074
1930 66.0 -7.720 1.335
1940 66.0 -7.658 1.763
1950 66.0 -7.589 1.864
1960 66.0 -7.705 2.506
1970 66.0 -7.541 2.729
1980 66.0 -7.642 3.081
1990 66.0 -7.801 3.302
2000 66.0 -7.444 3.712
2010 66.0 -7.566 3.969
2020 66.0 -7.488 4.400
2030 66.0 -7.283 4.622
2040 66.0 -7.043 5.089
2050 66.0 -6.903 5.351
2060 66.0 -6.679 5.840
2070 66.0 -6.887 6.212
2080 66.0 -6.492 6.582
1890 68.0 -5.345 -0.131
1900 68.0 -5.421 0.319
1910 68.0 -5.455 1.049
1920 68.0 -5.360 1.720
1930 68.0 -5.291 2.134
1940 68.0 -4.958 2.768
1950 68.0 -4.955 3.324
1960 68.0 -4.927 4.092
1970 68.0 -4.667 4.552
1980 68.0 -4.659 5.237
1990 68.0 -4.502 5.785
2000 68.0 -4.387 6.450
2010 68.0 -4.435 6.891
2020 68.0 -4.260 7.599
2030 68.0 -4.215 8.183
2040 68.0 -3.930 8.729
2050 68.0 -3.836 9.344
2060 68.0 -3.900 9.941
2070 68.0 -3.632 10.827
2080 68.0 -3.591 11.569
1900 69.0 -5.695 0.284
1910 69.0 -5.719 0.921
1920 69.0 -5.729 1.472
1930 69.0 -5.698 2.106
1940 69.0 -5.559 2.855
1950 69.0 -5.441 3.278
1960 69.0 -5.299 3.930
1970 69.0 -5.197 4.407
1980 69.0 -5.212 5.017
1990 69.0 -4.965 5.706
2000 69.0 -4.861 6.349
2010 69.0 -4.817 7.041
2020 69.0 -4.800 7.434
2030 69.0 -4.598 8.087
2040 69.0 -4.587 8.697
2050 69.0 -4.498 9.281
2060 69.0 -4.455 9.846
2070 69.0 -4.301 10.608
2080 69.0 -4.343 11.315
2090 69.0 -4.312 11.931
1900 70.0 -6.407 -0.148
1910 70.0 -6.527 0.377
1920 70.0 -6.431 0.699
1930 70.0 -6.495 0.903
1940 70.0 -6.644 1.392
1950 70.0 -6.432 1.805
1960 70.0 -6.585 1.887
1970 70.0 -6.389 2.388
1980 70.0 -6.265 2.680
1990 70.0 -6.077 3.103
2000 70.0 -6.107 3.385
2010 70.0 -6.087 3.648
2020 70.0 -6.102 4.082
2030 70.0 -5.765 4.408
2040 70.0 -6.006 4.796
2050 70.0 -5.975 5.271
2060 70.0 -5.842 5.612
2070 70.0 -5.766 5.887
2080 70.0 -5.582 6.367
2090 70.0 -5.443 6.762
1910 72.0 -7.230 -0.216
1920 72.0 -7.031 0.354
1930 72.0 -6.924 0.719
1940 72.0 -7.025 0.992
1950 72.0 -6.983 1.470
1960 72.0 -7.008 1.615
1970 72.0 -7.063 1.980
1980 72.0 -7.122 2.406
1990 72.0 -6.912 2.926
2000 72.0 -7.047 3.358
2010 72.0 -6.844 3.693
2020 72.0 -6.752 4.137
2030 72.0 -6.835 4.388
2040 72.0 -6.732 4.705
2050 72.0 -6.733 5.114
2060 72.0 -6.291 5.591
2070 72.0 -6.071 5.689
2080 72.0 -6.226 6.346
2090 72.0 -5.883 6.508
2100 72.0 -5.817 7.004
1950 43.0 -6.662 12.283
1960 43.0 -6.700 12.172
1970 43.0 -6.796 11.683
1980 43.0 -6.622 11.365
1990 43.0 -6.749 11.352
2000 43.0 -6.886 10.786
2010 43.0 -7.035 10.788
2020 43.0 -7.038 10.564
2030 43.0 -7.165 10.152
2040 43.0 -7.016 10.197
2050 43.0 -7.418 9.938
2060 43.0 -7.486 9.528
2070 43.0 -7.711 9.311
2080 43.0 -7.923 9.012
2090 43.0 -8.271 8.674
2100 43.0 -8.136 8.240
2110 43.0 -8.375 8.000
2120 43.0 -8.456 7.843
2130 43.0 -8.397 7.395
2140 43.0 -8.281 7.172
1950 73.0 -5.685 0.065
1960 73.0 -5.648 0.504
1970 73.0 -5.971 0.989
1980 73.0 -6.018 1.462
1990 73.0 -6.043 1.555
2000 73.0 -5.959 2.323
2010 73.0 -6.194 2.744
2020 73.0 -6.038 2.983
2030 73.0 -6.171 3.232
2040 73.0 -6.129 3.651
2050 73.0 -6.191 3.888
2060 73.0 -6.558 4.181
2070 73.0 -6.783 4.643
2080 73.0 -6.910 4.862
2090 73.0 -7.242 5.498
2100 73.0 -7.175 5.758
2110 73.0 -7.237 6.311
2120 73.0 -7.371 6.801
2130 73.0 -7.313 7.208
2140 73.0 -7.429 7.496
1970 74.0 -5.075 -0.087
1980 74.0 -5.172 0.391
1990 74.0 -5.084 0.883
2000 74.0 -5.054 1.528
2010 74.0 -4.862 2.083
2020 74.0 -4.929 2.735
2030 74.0 -4.701 3.182
2040 74.0 -4.665 3.800
2050 74.0 -4.558 4.416
2060 74.0 -4.477 4.966
2070 74.0 -4.547 5.562
2080 74.0 -4.416 6.197
2090 74.0 -4.495 6.832
2100 74.0 -4.327 7.374
2110 74.0 -4.266 7.979
2120 74.0 -4.253 8.562
2130 74.0 -4.107 9.314
2140 74.0 -4.149 9.890
2150 74.0 -4.155 10.462
2160 74.0 -4.053 11.047
1980 75.0 -5.422 14.861
1990 75.0 -5.294 14.786
2000 75.0 -5.268 14.293
2010 75.0 -5.303 13.795
2020 75.0 -5.265 13.182
2030 75.0 -5.338 12.680
2040 75.0 -5.562 12.020
2050 75.0 -5.683 11.608
2060 75.0 -5.704 11.064
2070 75.0 -5.918 10.467
2080 75.0 -5.972 10.145
2090 75.0 -6.190 9.662
2100 75.0 -6.240 9.233
2110 75.0 -6.347 8.774
2120 75.0 -6.417 8.329
2130 75.0 -6.791 7.750
2140 75.0 -6.783 7.272
2150 75.0 -6.625 6.775
2160 75.0 -6.662 6.279
2170 75.0 -6.685 6.005
1980 76.0 -4.909 15.107
1990 76.0 -5.132 14.647
2000 76.0 -4.974 13.964
2010 76.0 -5.037 13.353
2020 76.0 -5.159 12.901
2030 76.0 -5.221 12.434
2040 76.0 -5.379 11.848
2050 76.0 -5.286 11.346
2060 76.0 -5.489 10.783
2070 76.0 -5.474 10.406
2080 76.0 -5.597 9.951
2090 76.0 -5.664 9.514
2100 76.0 -5.928 9.140
2110 76.0 -5.921 8.739
2120 76.0 -6.206 8.424
2130 76.0 -6.422 8.120
2140 76.0 -6.367 7.673
2150 76.0 -6.573 7.145
2160 76.0 -6.397 6.635
2170 76.0 -6.435 5.932
2020 77.0 -6.957 14.824
2030 77.0 -6.953 14.324
2040 77.0 -6.839 13.781
2050 77.0 -7.014 12.967
2060 77.0 -6.805 12.534
2070 77.0 -6.735 11.942
2080 77.0 -7.039 11.524
2090 77.0 -6.959 10.715
2100 77.0 -7.374 10.168
2110 77.0 -7.499 9.940
2120 77.0 -7.545 9.358
2130 77.0 -7.878 8.869
2140 77.0 -7.859 8.518
2150 77.0 -8.111 7.978
2160 77.0 -7.744 7.416
2170 77.0 -8.057 7.380
2180 77.0 -7.509 6.457
2190 77.0 -7.553 5.889
2200 77.0 -7.462 5.416
2210 77.0 -7.267 4.672
2040 61.0 -7.658 5.910
2050 61.0 -7.635 6.176
2060 61.0 -7.677 6.482
2070 61.0 -7.608 6.696
2080 61.0 -7.716 7.130
2090 61.0 -7.701 7.557
2100 61.0 -7.574 7.828
2110 61.0 -7.794 8.034
2120 61.0 -7.795 8.724
2130 61.0 -7.120 8.870
2140 61.0 -7.448 9.298
2150 61.0 -7.481 9.745
2160 61.0 -7.116 9.921
2170 61.0 -7.266 10.526
2180 61.0 -6.763 11.157
2190 61.0 -6.536 11.467
2200 61.0 -6.570 11.928
2210 61.0 -6.248 12.372
2220 61.0 -6.590 12.659
2230 61.0 -6.559 13.262
2050 58.0 -7.511 7.375
2060 58.0 -7.462 7.846
2070 58.0 -7.359 8.183
2080 58.0 -7.119 8.534
2090 58.0 -7.002 8.923
2100 58.0 -7.031 9.358
2110 58.0 -6.910 9.817
2120 58.0 -6.793 10.169
2130 58.0 -6.594 10.472
2140 58.0 -6.706 11.042
2150 58.0 -6.576 11.291
2160 58.0 -6.402 11.686
2170 58.0 -6.304 12.114
2180 58.0 -6.070 12.434
2190 58.0 -6.062 12.800
2200 58.0 -5.988 13.329
2210 58.0 -6.033 13.901
2220 58.0 -5.971 14.051
2230 58.0 -5.864 14.605
2240 58.0 -6.057 15.053
2070 65.0 -5.334 7.577
2080 65.0 -5.273 8.063
2090 65.0 -5.125 8.418
2100 65.0 -5.067 9.047
2110 65.0 -5.051 9.379
2120 65.0 -4.844 9.965
2130 65.0 -4.803 10.329
2140 65.0 -4.995 10.746
2150 65.0 -4.904 11.021
2160 65.0 -4.850 11.492
2170 65.0 -4.966 11.742
2180 65.0 -5.061 12.224
2190 65.0 -5.220 12.313
2200 65.0 -5.017 12.602
2210 65.0 -4.952 13.030
2220 65.0 -4.922 13.426
2230 65.0 -4.807 13.935
2240 65.0 -4.799 14.166
2250 65.0 -4.755 14.478
2260 65.0 -4.617 15.101
2090 67.0 -6.473 6.969
2100 67.0 -6.264 7.164
2110 67.0 -6.209 7.671
2120 67.0 -6.059 7.783
2130 67.0 -5.726 7.969
2140 67.0 -5.716 8.174
2150 67.0 -5.624 8.312
2160 67.0 -5.565 8.639
2170 67.0 -5.860 9.056
2180 67.0 -5.981 9.750
2190 67.0 -5.777 10.085
2200 67.0 -5.872 10.754
2210 67.0 -5.905 11.116
2220 67.0 -5.901 11.272
2230 67.0 -5.787 12.012
2240 67.0 -5.879 12.425
2250 67.0 -5.974 12.845
2260 67.0 -5.729 13.356
2270 67.0 -5.887 13.517
2280 67.0 -5.823 13.998
2100 71.0 -5.223 7.132
2110 71.0 -5.065 7.500
2120 71.0 -5.095 7.944
2130 71.0 -5.022 8.583
2140 71.0 -4.988 8.693
2150 71.0 -4.834 9.227
2160 71.0 -4.677 9.685
2170 71.0 -4.778 10.122
2180 71.0 -4.596 10.647
2190 71.0 -4.537 11.011
2200 71.0 -4.679 11.391
2210 71.0 -4.496 11.864
2220 71.0 -4.560 12.004
2230 71.0 -4.475 12.496
2240 71.0 -4.299 12.832
2250 71.0 -4.386 13.367
2260 71.0 -4.467 13.845
2270 71.0 -4.409 14.045
2280 71.0 -4.626 14.492
2290 71.0 -4.460 14.950
2150 44.0 -8.019 7.015
2160 44.0 -8.158 6.550
2170 44.0 -8.406 6.538
2180 44.0 -8.173 6.174
2190 44.0 -8.205 5.588
2200 44.0 -8.517 5.187
2210 44.0 -8.206 4.907
2220 44.0 -8.463 4.983
2230 44.0 -8.620 4.683
2240 44.0 -8.764 4.720
2250 44.0 -8.652 4.669
2260 44.0 -8.732 4.776
2270 44.0 -8.648 4.948
2280 44.0 -8.907 4.681
2290 44.0 -8.784 4.961
2300 44.0 -8.747 4.619
2310 44.0 -8.973 4.819
2320 44.0 -8.776 4.759
2330 44.0 -8.652 5.010
2340 44.0 -8.768 4.685
2350 45.0 -8.825 4.920
2360 45.0 -9.087 4.692
2370 45.0 -8.922 4.854
2380 45.0 -8.966 4.559
2390 45.0 -8.777 4.478
2400 45.0 -8.925 4.750
2410 45.0 -8.872 4.766
2420 45.0 -8.957 4.749
2430 45.0 -8.751 4.419
2440 45.0 -8.941 4.746
2450 45.0 -8.716 4.608
2460 45.0 -8.652 4.581
2470 45.0 -8.567 4.342
2480 45.0 -8.446 4.387
2490 45.0 -8.337 3.830
2500 45.0 -8.718 3.836
2510 45.0 -8.482 4.024
2520 45.0 -8.645 3.843
2530 45.0 -8.593 3.906
2540 45.0 -8.664 3.883
2490 78.0 -4.571 0.172
2500 78.0 -4.661 1.014
2510 78.0 -4.465 1.858
2520 78.0 -4.394 2.456
2530 78.0 -4.883 2.955
2540 78.0 -4.645 3.759
2550 78.0 -4.576 4.438
2560 78.0 -4.876 5.200
2570 78.0 -4.527 5.804
2580 78.0 -4.781 6.381
2590 78.0 -4.966 7.410
2600 78.0 -4.769 7.744
2610 78.0 -4.881 8.630
2620 78.0 -5.001 9.236
2630 78.0 -4.787 9.845
2640 78.0 -4.576 10.574
2650 78.0 -4.485 11.420
2660 78.0 -4.552 12.049
2670 78.0 -4.617 12.602
2680 78.0 -4.526 13.049
2550 46.0 -8.413 3.782
2560 46.0 -8.488 3.652
2570 46.0 -8.435 3.816
2580 46.0 -8.424 3.818
2590 46.0 -8.489 3.809
2600 46.0 -8.359 3.799
2610 46.0 -8.540 3.772
2620 46.0 -8.447 3.757
2630 46.0 -8.542 3.744
2640 46.0 -8.463 3.609
2650 46.0 -8.469 3.865
2660 46.0 -8.516 3.747
2670 46.0 -8.456 3.806
2680 46.0 -8.530 3.726
2690 46.0 -8.473 3.823
2700 46.0 -8.501 3.812
2710 46.0 -8.563 3.784
2720 46.0 -8.439 3.810
2730 46.0 -8.477 3.822
2740 46.0 -8.566 3.798
2680 79.0 -5.724 14.863
2690 79.0 -5.621 14.447
2700 79.0 -5.954 13.830
2710 79.0 -6.004 13.272
2720 79.0 -5.956 12.689
2730 79.0 -5.839 11.920
2740 79.0 -6.005 11.303
2750 79.0 -6.116 10.811
2760 79.0 -6.147 10.234
2770 79.0 -5.917 9.930
2780 79.0 -5.893 8.981
2790 79.0 -5.987 8.542
2800 79.0 -5.932 8.026
2810 79.0 -5.962 7.339
2820 79.0 -5.835 6.617
2830 79.0 -5.700 6.389
2840 79.0 -5.630 5.852
2850 79.0 -5.344 5.301
2860 79.0 -5.190 4.640
2870 79.0 -5.127 4.463
2720 80.0 -8.354 0.382
2730 80.0 -8.277 0.377
2740 80.0 -8.026 0.691
2750 80.0 -7.852 0.984
2760 80.0 -7.468 1.083
2770 80.0 -7.535 1.329
2780 80.0 -7.344 1.319
2790 80.0 -7.064 1.711
2800 80.0 -7.007 1.771
2810 80.0 -6.552 2.146
2820 80.0 -6.250 2.326
2830 80.0 -6.111 2.729
2840 80.0 -6.229 2.895
2850 80.0 -6.168 3.037
2860 80.0 -6.099 3.076
2870 80.0 -6.006 2.922
2880 80.0 -6.135 2.722
2890 80.0 -6.048 2.224
2900 80.0 -6.475 2.706
2910 80.0 -6.476 2.294
2750 47.0 -8.605 3.950
2760 47.0 -8.475 3.774
2770 47.0 -8.487 3.853
2780 47.0 -8.635 3.704
2790 47.0 -8.544 3.736
2800 47.0 -8.504 3.828
2810 47.0 -8.673 3.822
2820 47.0 -8.509 3.721
2830 47.0 -8.505 3.919
2840 47.0 -8.630 3.951
2850 47.0 -8.445 3.953
2860 47.0 -8.472 3.929
2870 47.0 -8.572 4.095
2880 47.0 -8.624 3.765
2890 47.0 -8.622 4.179
2900 47.0 -8.442 4.158
2910 47.0 -8.749 4.372
2920 47.0 -8.635 4.196
2930 47.0 -8.435 4.318
2940 47.0 -8.294 4.225
2790 81.0 -9.255 0.414
2800 81.0 -8.956 0.706
2810 81.0 -8.690 0.935
2820 81.0 -8.271 0.942
2830 81.0 -7.879 1.168
2840 81.0 -7.717 1.602
2850 81.0 -7.400 1.932
2860 81.0 -7.255 2.549
2870 81.0 -7.437 2.703
2880 81.0 -7.528 3.054
2890 81.0 -7.093 3.743
2900 81.0 -7.248 3.766
2910 81.0 -7.241 3.940
2920 81.0 -7.291 3.974
2930 81.0 -7.003 3.941
2940 81.0 -7.178 4.116
2950 81.0 -7.204 4.109
2960 81.0 -7.222 4.056
2970 81.0 -7.319 4.079
2980 81.0 -7.247 4.058
2890 85.0 -5.575 14.956
2900 85.0 -5.673 14.332
2910 85.0 -5.729 13.895
2920 85.0 -6.025 13.196
2930 85.0 -5.958 12.550
2940 85.0 -5.944 11.996
2950 85.0 -6.138 11.236
2960 85.0 -6.198 10.879
2970 85.0 -6.092 10.439
2980 85.0 -6.322 9.734
2990 85.0 -6.225 9.118
3000 85.0 -6.196 8.690
3010 85.0 -5.940 8.110
3020 85.0 -6.066 7.486
3030 85.0 -5.940 6.994
3040 85.0 -6.163 6.361
3050 85.0 -5.953 5.811
3060 85.0 -5.723 5.306
3070 85.0 -5.897 4.766
3080 85.0 -5.937 4.115
2890 86.0 -4.951 15.324
2900 86.0 -4.696 14.567
2910 86.0 -5.179 14.233
2920 86.0 -4.799 13.549
2930 86.0 -4.759 12.757
2940 86.0 -5.303 12.117
2950 86.0 -5.320 11.751
2960 86.0 -5.546 11.145
2970 86.0 -5.405 10.404
2980 86.0 -5.458 9.823
2990 86.0 -5.643 9.552
3000 86.0 -5.664 8.819
3010 86.0 -5.261 8.097
3020 86.0 -5.367 7.598
3030 86.0 -5.293 7.228
3040 86.0 -5.286 6.509
3050 86.0 -5.243 5.954
3060 86.0 -5.314 5.454
3070 86.0 -4.938 4.884
3080 86.0 -4.966 4.528
2950 48.0 -8.516 4.297
2960 48.0 -8.323 4.574
2970 48.0 -8.230 4.475
2980 48.0 -8.202 4.811
2990 48.0 -7.895 5.003
3000 48.0 -7.913 5.628
3010 48.0 -7.681 5.953
3020 48.0 -7.385 6.237
3030 48.0 -6.985 6.634
3040 48.0 -6.646 7.216
3050 48.0 -6.215 7.308
3060 48.0 -5.926 7.512
3070 48.0 -5.403 7.626
3080 48.0 -4.711 7.478
3090 48.0 -4.360 7.331
3100 48.0 -4.286 7.159
3110 48.0 -3.631 7.145
3120 48.0 -3.526 7.244
3130 48.0 -3.207 7.079
3140 48.0 -3.343 7.076
2980 87.0 -8.056 15.156
2990 87.0 -7.818 14.753
3000 87.0 -7.615 14.280
3010 87.0 -7.408 13.704
3020 87.0 -7.470 13.268
3030 87.0 -7.150 12.769
3040 87.0 -7.174 12.319
3050 87.0 -7.080 11.767
3060 87.0 -7.027 11.365
3070 87.0 -6.883 10.573
3080 87.0 -6.878 10.138
3090 87.0 -7.046 9.716
3100 87.0 -6.876 8.982
3110 87.0 -6.739 8.515
3120 87.0 -6.564 8.101
3130 87.0 -6.645 7.498
3140 87.0 -6.490 7.073
3150 87.0 -6.272 6.378
3160 87.0 -6.285 6.207
3170 87.0 -6.213 5.901
2980 88.0 -5.597 15.255
2990 88.0 -5.527 14.440
3000 88.0 -5.469 13.749
3010 88.0 -5.049 13.173
3020 88.0 -5.329 12.971
3030 88.0 -5.320 12.053
3040 88.0 -4.991 11.455
3050 88.0 -5.104 10.525
3060 88.0 -5.105 10.186
3070 88.0 -5.266 9.785
3080 88.0 -5.119 8.688
3090 88.0 -5.183 8.151
3100 88.0 -5.228 7.677
3110 88.0 -5.208 7.062
3120 88.0 -5.432 6.549
3130 88.0 -5.528 5.894
3140 88.0 -5.554 5.399
3150 88.0 -5.535 4.741
3160 88.0 -5.477 4.058
3170 88.0 -5.509 3.704
2980 89.0 -4.485 14.653
2990 89.0 -4.558 14.142
3000 89.0 -4.609 13.630
3010 89.0 -4.514 12.886
3020 89.0 -4.467 12.407
3030 89.0 -4.509 11.844
3040 89.0 -4.533 11.317
3050 89.0 -4.576 10.595
3060 89.0 -4.458 10.154
3070 89.0 -4.508 9.593
3080 89.0 -4.466 9.089
3090 89.0 -4.429 8.551
3100 89.0 -4.523 8.029
3110 89.0 -4.430 7.361
3120 89.0 -4.530 6.826
3130 89.0 -4.511 6.292
3140 89.0 -4.670 5.745
3150 89.0 -4.835 5.082
3160 89.0 -4.923 4.543
3170 89.0 -4.952 4.038
2990 82.0 -7.053 4.289
3000 82.0 -6.987 3.959
3010 82.0 -7.313 4.012
3020 82.0 -7.260 4.076
3030 82.0 -7.148 4.140
3040 82.0 -6.982 4.107
3050 82.0 -7.287 4.025
3060 82.0 -7.079 4.186
3070 82.0 -7.158 4.387
3080 82.0 -6.911 4.255
3090 82.0 -7.161 4.284
3100 82.0 -7.225 4.201
3110 82.0 -7.178 4.271
3120 82.0 -6.927 4.276
3130 82.0 -7.100 4.166
3140 82.0 -7.412 4.285
3150 82.0 -7.017 4.402
3160 82.0 -7.279 4.543
3170 82.0 -7.019 4.371
3180 82.0 -7.321 4.115
3050 90.0 -5.201 -0.211
3060 90.0 -5.093 0.341
3070 90.0 -5.149 0.838
3080 90.0 -4.978 1.433
3090 90.0 -4.690 1.604
3100 90.0 -4.754 2.087
3110 90.0 -4.557 2.497
3120 90.0 -4.538 2.790
3130 90.0 -4.653 3.535
3140 90.0 -4.591 3.635
3150 90.0 -4.639 4.177
3160 90.0 -4.647 4.559
3170 90.0 -4.534 4.940
3180 90.0 -4.589 5.302
3190 90.0 -4.771 5.975
3200 90.0 -4.913 6.749
3210 90.0 -4.859 7.294
3220 90.0 -4.968 7.882
3230 90.0 -5.000 8.159
3240 90.0 -4.971 9.075
3050 91.0 -4.678 -0.184
3060 91.0 -4.639 0.468
3070 91.0 -4.605 0.867
3080 91.0 -4.587 1.358
3090 91.0 -4.434 1.715
3100 91.0 -4.405 2.313
3110 91.0 -4.414 2.783
3120 91.0 -4.344 3.376
3130 91.0 -4.291 3.761
3140 91.0 -4.280 4.223
3150 91.0 -4.137 4.713
3160 91.0 -4.217 5.230
3170 91.0 -4.209 5.609
3180 91.0 -4.171 5.856
3190 91.0 -4.285 6.440
3200 91.0 -4.351 6.970
3210 91.0 -4.287 7.505
3220 91.0 -4.291 7.990
3230 91.0 -4.409 8.551
3240 91.0 -4.336 9.082
3140 92.0 -7.239 -0.143
3150 92.0 -7.514 0.360
3160 92.0 -7.851 0.839
3170 92.0 -7.887 1.229
3180 92.0 -7.990 1.564
3190 92.0 -7.938 2.086
3200 92.0 -8.018 2.332
3210 92.0 -7.982 2.736
3220 92.0 -7.987 3.184
3230 92.0 -7.965 3.501
3240 92.0 -7.975 3.965
3250 92.0 -7.875 4.447
3260 92.0 -7.918 4.878
3270 92.0 -7.755 5.427
3280 92.0 -7.806 5.891
3290 92.0 -7.713 6.263
3300 92.0 -7.683 6.788
3310 92.0 -7.720 7.302
3320 92.0 -7.525 7.889
3330 92.0 -7.420 8.416
3150 49.0 -3.487 7.295
3160 49.0 -3.447 7.121
3170 49.0 -3.506 7.263
3180 49.0 -3.541 7.152
3190 49.0 -3.512 7.117
3200 49.0 -3.606 7.253
3210 49.0 -3.648 7.130
3220 49.0 -3.576 7.294
3230 49.0 -3.659 7.219
3240 49.0 -3.815 7.139
3250 49.0 -3.746 6.883
3260 49.0 -3.957 6.837
3270 49.0 -3.966 6.937
3280 49.0 -4.052 6.883
3290 49.0 -3.929 6.939
3300 49.0 -4.011 6.997
3310 49.0 -4.125 7.069
3320 49.0 -3.991 7.052
3330 49.0 -4.091 7.132
3340 49.0 -4.388 7.546
3190 83.0 -6.900 4.342
3200 83.0 -7.189 4.265
3210 83.0 -7.300 4.197
3220 83.0 -7.105 4.251
3230 83.0 -7.066 4.467
3240 83.0 -7.166 4.377
3250 83.0 -7.238 4.332
3260 83.0 -7.069 4.096
3270 83.0 -7.053 3.957
3280 83.0 -7.148 4.361
3290 83.0 -7.597 3.849
3300 83.0 -7.217 4.603
3310 83.0 -7.344 4.239
3320 83.0 -7.158 3.911
3330 83.0 -7.446 4.187
3340 83.0 -6.917 4.079
3350 83.0 -7.146 4.066
3360 83.0 -7.113 4.437
3370 83.0 -7.212 4.302
3380 83.0 -7.221 3.946
3190 93.0 -0.461 1.365
3200 93.0 -1.217 1.141
3210 93.0 -2.003 1.105
3220 93.0 -2.623 1.312
3230 93.0 -3.470 1.392
3240 93.0 -3.792 1.550
3250 93.0 -4.112 1.937
3260 93.0 -4.183 2.444
3270 93.0 -4.301 3.029
3280 93.0 -4.270 3.772
3290 93.0 -4.332 4.100
3300 93.0 -4.327 4.703
3310 93.0 -3.970 5.269
3320 93.0 -4.212 5.667
3330 93.0 -3.863 6.010
3340 93.0 -3.855 6.515
3350 93.0 -3.941 6.903
3360 93.0 -3.926 7.297
3370 93.0 -4.155 7.808
3380 93.0 -4.413 8.084
3260 95.0 -4.278 0.024
3270 95.0 -4.321 0.487
3280 95.0 -4.275 0.877
3290 95.0 -4.590 1.504
3300 95.0 -4.448 1.924
3310 95.0 -4.590 2.479
3320 95.0 -4.457 2.912
3330 95.0 -4.724 3.475
3340 95.0 -4.771 3.946
3350 95.0 -4.719 4.482
3360 95.0 -4.825 5.097
3370 95.0 -5.210 5.493
3380 95.0 -5.311 6.129
3390 95.0 -5.254 6.667
3400 95.0 -5.209 7.053
3410 95.0 -5.386 7.641
3420 95.0 -5.360 8.358
3430 95.0 -5.367 8.777
3440 95.0 -5.579 9.210
3450 95.0 -5.446 9.835
3260 96.0 -3.931 -0.078
3270 96.0 -4.083 0.424
3280 96.0 -3.838 0.689
3290 96.0 -4.105 1.310
3300 96.0 -4.121 1.801
3310 96.0 -4.218 2.739
3320 96.0 -4.451 2.610
3330 96.0 -4.224 3.200
3340 96.0 -4.345 3.759
3350 96.0 -4.275 4.410
3360 96.0 -4.225 4.917
3370 96.0 -4.485 5.323
3380 96.0 -4.404 5.906
3390 96.0 -4.636 6.515
3400 96.0 -4.798 6.906
3410 96.0 -4.561 7.692
3420 96.0 -5.067 8.046
3430 96.0 -4.971 8.637
3440 96.0 -4.861 9.253
3450 96.0 -4.951 9.781
3350 50.0 -4.282 7.762
3360 50.0 -4.190 8.194
3370 50.0 -4.409 8.699
3380 50.0 -4.254 9.084
3390 50.0 -4.366 8.854
3400 50.0 -4.268 9.117
3410 50.0 -4.206 9.111
3420 50.0 -4.248 9.484
3430 50.0 -4.137 9.317
3440 50.0 -4.190 9.290
3450 50.0 -4.237 9.223
3460 50.0 -4.171 9.220
3470 50.0 -4.036 9.317
3480 50.0 -4.327 9.215
3490 50.0 -4.181 9.239
3500 50.0 -4.455 9.317
3510 50.0 -4.127 9.305
3520 50.0 -4.353 9.305
3530 50.0 -4.169 9.262
3540 50.0 -4.158 9.220
3370 97.0 -9.262 0.089
3380 97.0 -9.056 0.166
3390 97.0 -8.543 0.744
3400 97.0 -8.317 1.127
3410 97.0 -8.118 1.012
3420 97.0 -7.851 1.724
3430 97.0 -7.656 2.025
3440 97.0 -7.460 2.211
3450 97.0 -7.148 2.679
3460 97.0 -7.246 3.136
3470 97.0 -6.988 3.587
3480 97.0 -6.577 4.135
3490 97.0 -6.550 4.604
3500 97.0 -6.618 4.768
3510 97.0 -6.340 5.409
3520 97.0 -6.301 5.866
3530 97.0 -5.983 6.433
3540 97.0 -5.848 6.941
3550 97.0 -5.785 7.541
3560 97.0 -5.744 8.117
3390 84.0 -7.367 4.035
3400 84.0 -7.084 4.280
3410 84.0 -7.180 4.042
3420 84.0 -7.522 4.144
3430 84.0 -7.275 4.221
3440 84.0 -7.144 4.042
3450 84.0 -7.179 4.478
3460 84.0 -7.316 4.574
3470 84.0 -7.299 4.965
3480 84.0 -7.189 4.933
3490 84.0 -7.114 5.433
3500 84.0 -7.097 5.845
3510 84.0 -7.199 6.102
3520 84.0 -7.000 6.438
3530 84.0 -6.875 6.974
3540 84.0 -6.881 7.471
3550 84.0 -6.972 7.904
3560 84.0 -6.702 8.414
3570 84.0 -6.713 9.122
3580 84.0 -6.638 9.376
3390 94.0 -4.486 8.382
3400 94.0 -4.568 8.582
3410 94.0 -4.586 8.644
3420 94.0 -4.569 8.781
3430 94.0 -4.462 8.665
3440 94.0 -4.408 8.911
3450 94.0 -4.418 8.890
3460 94.0 -4.273 8.725
3470 94.0 -4.497 8.789
3480 94.0 -4.657 8.671
3490 94.0 -4.546 8.823
3500 94.0 -4.322 8.787
3510 94.0 -4.529 8.724
3520 94.0 -4.358 8.709
3530 94.0 -4.375 8.679
3540 94.0 -4.134 8.754
3550 94.0 -4.449 8.810
3560 94.0 -4.117 8.862
3570 94.0 -4.153 8.734
3580 94.0 -4.282 8.818
3400 98.0 -4.675 0.194
3410 98.0 -4.899 0.974
3420 98.0 -4.941 1.660
3430 98.0 -5.143 2.236
3440 98.0 -5.291 2.681
3450 98.0 -5.447 3.356
3460 98.0 -5.387 4.202
3470 98.0 -5.643 4.670
3480 98.0 -5.483 5.368
3490 98.0 -5.676 6.169
3500 98.0 -5.576 6.746
3510 98.0 -5.820 7.123
3520 98.0 -6.043 7.928
3530 98.0 -6.047 8.516
3540 98.0 -6.337 9.312
3550 98.0 -6.505 9.785
3560 98.0 -6.584 10.229
3570 98.0 -7.065 10.656
3580 98.0 -7.217 11.345
3590 98.0 -7.518 11.580
3620 99.0 -9.749 15.321
3630 99.0 -9.801 15.147
3640 99.0 -9.755 14.767
3650 99.0 -9.849 14.536
3660 99.0 -9.796 14.320
3670 99.0 -9.662 14.212
3680 99.0 -9.415 14.067
3690 99.0 -9.135 13.748
3700 99.0 -8.839 13.805
3710 99.0 -8.716 13.398
3720 99.0 -8.435 13.360
3730 99.0 -8.218 13.045
3740 99.0 -7.740 12.645
3750 99.0 -7.590 12.360
3760 99.0 -7.245 11.918
3770 99.0 -7.007 11.522
3780 99.0 -6.980 11.032
3790 99.0 -6.847 10.558
3800 99.0 -6.758 10.071
3810 99.0 -6.941 9.692
3990 100.0 -5.283 -0.068
4000 100.0 -5.509 0.588
4010 100.0 -5.336 1.405
4020 100.0 -5.514 2.019
4030 100.0 -5.572 2.412
4040 100.0 -5.447 3.126
4050 100.0 -5.311 3.507
4060 100.0 -5.561 3.854
4070 100.0 -5.525 4.414
4080 100.0 -5.518 5.363
4090 100.0 -5.458 5.801
4100 100.0 -5.640 6.227
4110 100.0 -5.565 7.033
4120 100.0 -5.737 7.488
4130 100.0 -5.730 8.292
4140 100.0 -5.758 8.930
4150 100.0 -5.694 9.356
4160 100.0 -5.827 9.825
4170 100.0 -6.104 10.291
4180 100.0 -6.195 10.857
4030 101.0 -8.100 15.202
4040 101.0 -7.894 14.865
4050 101.0 -8.134 14.441
4060 101.0 -7.730 14.100
4070 101.0 -8.013 13.743
4080 101.0 -8.128 13.340
4090 101.0 -7.797 13.182
4100 101.0 -7.763 12.508
4110 101.0 -7.435 12.461
4120 101.0 -7.343 12.133
4130 101.0 -6.952 11.525
4140 101.0 -7.281 11.388
4150 101.0 -6.995 11.082
4160 101.0 -7.044 10.590
4170 101.0 -7.014 10.455
4180 101.0 -7.102 10.216
4190 101.0 -6.981 9.746
4200 101.0 -7.096 9.460
4210 101.0 -7.383 9.097
4220 101.0 -7.457 8.941
4120 103.0 -5.042 14.823
4130 103.0 -4.831 14.138
4140 103.0 -4.778 13.528
4150 103.0 -4.659 12.977
4160 103.0 -5.093 12.522
4170 103.0 -4.661 11.824
4180 103.0 -4.537 11.163
4190 103.0 -4.829 10.411
4200 103.0 -4.500 10.155
4210 103.0 -4.756 9.175
4220 103.0 -4.767 8.666
4230 103.0 -4.938 8.161
4240 103.0 -5.104 7.661
4250 103.0 -5.008 6.911
4260 103.0 -4.916 6.288
4270 103.0 -4.946 5.748
4280 103.0 -5.030 5.064
4290 103.0 -4.945 4.442
4300 103.0 -5.094 4.015
4310 103.0 -4.637 3.306
4120 104.0 -3.892 14.687
4130 104.0 -3.962 14.369
4140 104.0 -3.999 13.548
4150 104.0 -3.890 13.137
4160 104.0 -3.945 12.395
4170 104.0 -4.048 11.691
4180 104.0 -3.958 11.228
4190 104.0 -4.107 10.576
4200 104.0 -3.983 9.961
4210 104.0 -3.922 9.383
4220 104.0 -4.019 8.659
4230 104.0 -4.182 8.089
4240 104.0 -4.276 7.397
4250 104.0 -4.141 6.687
4260 104.0 -4.273 6.380
4270 104.0 -4.169 5.615
4280 104.0 -4.226 5.034
4290 104.0 -4.381 4.410
4300 104.0 -4.343 3.973
4310 104.0 -4.236 3.105
4190 105.0 -5.498 14.636
4200 105.0 -5.884 14.459
4210 105.0 -5.603 13.733
4220 105.0 -5.643 13.460
4230 105.0 -5.658 12.938
4240 105.0 -5.702 12.567
4250 105.0 -5.877 12.095
4260 105.0 -6.112 11.347
4270 105.0 -6.379 10.819
4280 105.0 -6.148 10.535
4290 105.0 -6.410 9.933
4300 105.0 -6.641 9.298
4310 105.0 -6.575 8.891
4320 105.0 -6.729 8.682
4330 105.0 -6.788 8.086
4340 105.0 -7.379 7.566
4350 105.0 -6.989 7.378
4360 105.0 -7.093 6.998
4370 105.0 -7.326 6.634
4380 105.0 -7.336 5.671
4190 106.0 -5.020 15.184
4200 106.0 -4.969 14.637
4210 106.0 -5.011 14.209
4220 106.0 -4.810 13.478
4230 106.0 -4.987 13.052
4240 106.0 -5.289 12.369
4250 106.0 -5.132 11.771
4260 106.0 -5.373 11.252
4270 106.0 -5.384 10.914
4280 106.0 -5.268 10.278
4290 106.0 -5.564 9.662
4300 106.0 -5.556 9.275
4310 106.0 -5.662 9.151
4320 106.0 -5.851 8.558
4330 106.0 -5.889 8.094
4340 106.0 -6.016 7.528
4350 106.0 -6.262 7.150
4360 106.0 -6.284 6.717
4370 106.0 -6.200 6.110
4380 106.0 -6.411 5.778
4230 102.0 -7.234 8.564
4240 102.0 -7.440 8.118
4250 102.0 -7.317 7.494
4260 102.0 -7.239 7.401
4270 102.0 -7.039 7.057
4280 102.0 -7.019 6.868
4290 102.0 -7.107 6.547
4300 102.0 -7.094 6.158
4310 102.0 -6.879 6.006
4320 102.0 -6.870 5.564
4330 102.0 -6.867 4.773
4340 102.0 -7.329 4.868
4350 102.0 -7.016 4.411
4360 102.0 -7.252 4.363
4370 102.0 -7.082 3.710
4380 102.0 -7.341 3.076
4390 102.0 -7.096 2.984
4400 102.0 -7.310 2.584
4410 102.0 -7.274 2.173
4420 102.0 -7.001 1.725
4250 107.0 -4.875 14.884
4260 107.0 -4.926 14.338
4270 107.0 -4.879 13.820
4280 107.0 -5.114 13.190
4290 107.0 -5.302 12.617
4300 107.0 -5.486 12.228
4310 107.0 -5.685 11.536
4320 107.0 -5.913 10.965
4330 107.0 -5.982 10.430
4340 107.0 -6.302 9.912
4350 107.0 -6.536 9.404
4360 107.0 -6.850 9.120
4370 107.0 -7.212 8.508
4380 107.0 -7.377 7.711
4390 107.0 -7.682 7.581
4400 107.0 -7.882 6.969
4410 107.0 -8.197 6.417
4420 107.0 -8.092 6.148
4430 107.0 -7.936 5.537
4440 107.0 -8.241 5.050
4290 108.0 -5.696 14.893
4300 108.0 -5.715 14.361
4310 108.0 -5.823 14.011
4320 108.0 -5.967 13.574
4330 108.0 -6.116 13.060
4340 108.0 -6.206 12.464
4350 108.0 -6.267 12.097
4360 108.0 -6.504 11.671
4370 108.0 -6.606 11.229
4380 108.0 -6.676 10.739
4390 108.0 -6.758 10.299
4400 108.0 -7.006 9.946
4410 108.0 -7.099 9.474
4420 108.0 -7.171 8.950
4430 108.0 -7.243 8.635
4440 108.0 -7.333 8.237
4450 108.0 -7.329 7.823
4460 108.0 -7.560 7.475
4470 108.0 -7.521 6.972
4480 108.0 -7.550 6.611
4300 110.0 -5.253 15.281
4310 110.0 -4.927 14.767
4320 110.0 -5.239 14.279
4330 110.0 -5.248 13.593
4340 110.0 -5.251 13.174
4350 110.0 -5.337 12.563
4360 110.0 -5.292 12.245
4370 110.0 -5.480 11.753
4380 110.0 -5.526 11.326
4390 110.0 -5.819 10.578
4400 110.0 -5.795 10.100
4410 110.0 -5.942 9.796
4420 110.0 -5.971 9.363
4430 110.0 -6.052 9.019
4440 110.0 -6.411 8.318
4450 110.0 -6.457 8.153
4460 110.0 -6.532 7.731
4470 110.0 -6.773 7.410
4480 110.0 -6.939 7.093
4490 110.0 -6.787 6.561
4310 112.0 -5.461 15.041
4320 112.0 -5.640 14.441
4330 112.0 -5.669 14.075
4340 112.0 -5.761 13.463
4350 112.0 -5.800 13.106
4360 112.0 -5.780 12.575
4370 112.0 -5.979 12.116
4380 112.0 -5.995 11.578
4390 112.0 -6.193 11.130
4400 112.0 -6.531 10.970
4410 112.0 -6.776 10.513
4420 112.0 -6.873 10.251
4430 112.0 -6.982 9.691
4440 112.0 -7.149 9.215
4450 112.0 -7.110 8.917
4460 112.0 -7.120 8.242
4470 112.0 -7.232 8.083
4480 112.0 -7.327 7.676
4490 112.0 -7.548 7.048
4500 112.0 -7.670 6.732
4490 109.0 -7.515 6.257
4500 109.0 -7.708 5.671
4510 109.0 -7.951 5.249
4520 109.0 -8.191 5.019
4530 109.0 -8.090 4.565
4540 109.0 -8.036 4.145
4550 109.0 -8.216 3.991
4560 109.0 -8.200 3.602
4570 109.0 -8.153 3.540
4580 109.0 -8.118 3.032
4590 109.0 -8.159 2.614
4600 109.0 -8.286 2.560
4610 109.0 -8.075 2.314
4620 109.0 -8.289 2.003
4630 109.0 -8.284 1.547
4640 109.0 -8.123 1.352
4650 109.0 -8.559 1.042
4660 109.0 -8.800 0.687
4670 109.0 -8.912 0.656
4680 109.0 -9.077 0.368
4500 111.0 -7.028 6.335
4510 111.0 -7.138 5.951
4520 111.0 -7.163 5.756
4530 111.0 -7.363 5.415
4540 111.0 -7.275 5.023
4550 111.0 -7.588 4.656
4560 111.0 -7.850 4.481
4570 111.0 -7.604 4.068
4580 111.0 -7.969 3.733
4590 111.0 -7.969 3.335
4600 111.0 -7.959 3.124
4610 111.0 -7.923 3.068
4620 111.0 -7.924 2.805
4630 111.0 -7.939 2.536
4640 111.0 -8.081 2.080
4650 111.0 -8.021 1.977
4660 111.0 -8.026 1.577
4670 111.0 -8.078 1.255
4680 111.0 -7.947 0.932
4690 111.0 -8.285 0.509
4500 114.0 -5.158 -0.322
4510 114.0 -5.253 0.291
4520 114.0 -5.338 0.932
4530 114.0 -5.200 1.278
4540 114.0 -5.132 1.731
4550 114.0 -4.763 2.243
4560 114.0 -5.220 2.848
4570 114.0 -5.315 3.298
4580 114.0 -5.354 3.952
4590 114.0 -5.147 4.416
4600 114.0 -4.913 4.623
4610 114.0 -4.879 5.509
4620 114.0 -5.265 5.888
4630 114.0 -5.218 6.365
4640 114.0 -5.723 6.937
4650 114.0 -5.515 7.626
4660 114.0 -5.770 8.057
4670 114.0 -5.775 8.406
4680 114.0 -6.120 8.991
4690 114.0 -6.136 9.527
4510 113.0 -7.732 6.348
4520 113.0 -7.732 5.835
4530 113.0 -7.964 5.587
4540 113.0 -8.138 5.025
4550 113.0 -7.842 4.943
4560 113.0 -7.898 4.756
4570 113.0 -7.947 4.385
4580 113.0 -8.111 3.902
4590 113.0 -8.210 3.782
4600 113.0 -8.295 3.425
4610 113.0 -8.477 3.122
4620 113.0 -8.337 2.821
4630 113.0 -8.316 2.428
4640 113.0 -8.375 2.212
4650 113.0 -8.526 2.121
4660 113.0 -8.539 1.671
4670 113.0 -8.371 1.517
4680 113.0 -8.640 1.099
4690 113.0 -8.650 0.872
4700 113.0 -8.815 0.697
4690 115.0 -8.489 15.355
4700 115.0 -8.168 14.557
4710 115.0 -7.874 14.347
4720 115.0 -8.081 13.635
4730 115.0 -7.835 13.476
4740 115.0 -7.614 12.930
4750 115.0 -7.337 12.432
4760 115.0 -7.650 11.862
4770 115.0 -7.267 11.425
4780 115.0 -7.308 10.787
4790 115.0 -7.378 10.591
4800 115.0 -7.163 9.909
4810 115.0 -7.431 9.225
4820 115.0 -7.208 9.126
4830 115.0 -7.663 8.280
4840 115.0 -7.560 7.692
4850 115.0 -7.746 7.589
4860 115.0 -7.921 7.097
4870 115.0 -7.900 6.807
4880 115.0 -8.093 5.894
4780 116.0 -5.453 15.087
4790 116.0 -5.384 14.469
4800 116.0 -5.445 13.755
4810 116.0 -5.418 13.208
4820 116.0 -5.509 12.630
4830 116.0 -5.578 11.979
4840 116.0 -5.489 11.484
4850 116.0 -5.675 10.723
4860 116.0 -5.703 10.218
4870 116.0 -5.682 9.571
4880 116.0 -5.711 9.052
4890 116.0 -5.652 8.511
4900 116.0 -5.748 7.855
4910 116.0 -5.734 7.172
4920 116.0 -5.738 6.628
4930 116.0 -5.714 6.146
4940 116.0 -5.737 5.635
4950 116.0 -5.690 5.033
4960 116.0 -5.711 4.463
4970 116.0 -5.797 3.836
4860 117.0 -4.122 0.277
4870 117.0 -4.134 0.616
4880 117.0 -4.105 1.046
4890 117.0 -3.942 1.418
4900 117.0 -4.006 1.887
4910 117.0 -4.022 2.215
4920 117.0 -4.093 2.571
4930 117.0 -4.064 3.061
4940 117.0 -4.057 3.491
4950 117.0 -4.061 4.188
4960 117.0 -3.965 4.628
4970 117.0 -4.140 5.034
4980 117.0 -3.956 5.322
4990 117.0 -3.935 5.830
5000 117.0 -4.084 6.232
5010 117.0 -4.023 6.910
5020 117.0 -4.186 7.389
5030 117.0 -4.204 7.837
5040 117.0 -4.013 8.491
5050 117.0 -4.077 8.820
4870 118.0 -5.349 0.321
4880 118.0 -5.499 0.735
4890 118.0 -5.587 1.318
4900 118.0 -5.598 1.628
4910 118.0 -5.556 2.081
4920 118.0 -5.592 2.520
4930 118.0 -5.574 2.983
4940 118.0 -5.408 3.428
4950 118.0 -5.304 3.845
4960 118.0 -5.235 4.151
4970 118.0 -5.191 4.545
4980 118.0 -5.219 4.936
4990 118.0 -5.297 5.519
5000 118.0 -5.253 6.075
5010 118.0 -5.257 6.672
5020 118.0 -5.322 7.094
5030 118.0 -5.266 7.601
5040 118.0 -5.306 8.130
5050 118.0 -5.287 8.744
5060 118.0 -5.254 9.050
4870 119.0 -4.676 0.381
4880 119.0 -4.753 0.497
4890 119.0 -4.679 0.909
4900 119.0 -4.776 1.567
4910 119.0 -4.706 2.243
4920 119.0 -4.319 2.502
4930 119.0 -4.711 2.686
4940 119.0 -4.639 3.356
4950 119.0 -4.569 3.605
4960 119.0 -4.913 4.212
4970 119.0 -4.618 4.716
4980 119.0 -4.650 5.286
4990 119.0 -4.593 5.626
5000 119.0 -4.705 6.145
5010 119.0 -4.799 6.577
5020 119.0 -4.439 7.173
5030 119.0 -4.585 7.552
5040 119.0 -4.792 7.871
5050 119.0 -4.661 8.637
5060 119.0 -4.796 8.826
4870 120.0 -6.612 -0.335
4880 120.0 -6.676 0.234
4890 120.0 -6.289 0.994
4900 120.0 -6.567 1.441
4910 120.0 -6.841 1.841
4920 120.0 -6.559 2.821
4930 120.0 -6.703 3.199
4940 120.0 -6.917 3.840
4950 120.0 -6.878 4.331
4960 120.0 -6.633 4.723
4970 120.0 -6.826 5.458
4980 120.0 -6.829 6.035
4990 120.0 -6.598 6.611
5000 120.0 -6.581 7.301
5010 120.0 -6.506 8.034
5020 120.0 -6.401 8.437
5030 120.0 -6.178 9.343
5040 120.0 -5.867 9.520
5050 120.0 -5.737 10.178
5060 120.0 -5.754 10.568
4910 121.0 -4.710 0.103
4920 121.0 -4.706 0.859
4930 121.0 -4.969 1.298
4940 121.0 -4.876 1.675
4950 121.0 -4.824 2.332
4960 121.0 -4.693 2.512
4970 121.0 -4.685 3.199
4980 121.0 -4.788 3.797
4990 121.0 -4.636 4.244
5000 121.0 -4.679 4.688
5010 121.0 -4.585 5.313
5020 121.0 -4.877 5.727
5030 121.0 -4.748 6.260
5040 121.0 -4.750 6.531
5050 121.0 -4.559 7.334
5060 121.0 -4.681 7.895
5070 121.0 -4.463 8.231
5080 121.0 -4.503 8.650
5090 121.0 -4.527 9.177
5100 121.0 -4.685 9.825
4930 122.0 -9.236 15.198
4940 122.0 -9.059 15.043
4950 122.0 -8.941 14.726
4960 122.0 -8.979 14.431
4970 122.0 -8.766 14.047
4980 122.0 -8.922 14.233
4990 122.0 -8.360 13.840
5000 122.0 -8.579 13.647
5010 122.0 -8.300 13.026
5020 122.0 -8.110 13.020
5030 122.0 -7.513 13.043
5040 122.0 -7.408 12.868
5050 122.0 -6.896 12.270
5060 122.0 -7.127 11.861
5070 122.0 -6.967 11.564
5080 122.0 -7.208 11.359
5090 122.0 -7.096 10.914
5100 122.0 -7.180 10.584
5110 122.0 -7.081 10.313
5120 122.0 -6.991 10.068
5020 124.0 -5.465 14.821
5030 124.0 -5.278 14.185
5040 124.0 -5.237 13.557
5050 124.0 -5.411 13.071
5060 124.0 -5.480 12.428
5070 124.0 -5.583 11.895
5080 124.0 -5.710 11.310
5090 124.0 -5.645 10.855
5100 124.0 -5.688 10.163
5110 124.0 -5.621 9.570
5120 124.0 -5.541 8.901
5130 124.0 -5.399 8.213
5140 124.0 -5.446 7.670
5150 124.0 -5.395 7.064
5160 124.0 -5.274 6.459
5170 124.0 -5.191 5.781
5180 124.0 -5.291 5.343
5190 124.0 -5.407 4.663
5200 124.0 -5.385 4.113
5210 124.0 -5.442 3.466
5130 123.0 -7.043 9.713
5140 123.0 -6.900 9.317
5150 123.0 -7.061 9.201
5160 123.0 -6.957 8.865
5170 123.0 -7.104 8.575
5180 123.0 -7.088 8.413
5190 123.0 -7.152 7.799
5200 123.0 -7.336 7.614
5210 123.0 -7.123 7.517
5220 123.0 -7.061 7.138
5230 123.0 -7.295 6.747
5240 123.0 -7.214 6.675
5250 123.0 -7.201 6.167
5260 123.0 -7.128 5.962
5270 123.0 -7.130 5.529
5280 123.0 -7.035 5.180
5290 123.0 -6.971 4.852
5300 123.0 -6.767 4.487
5310 123.0 -6.744 4.354
5320 123.0 -6.727 3.981
5140 125.0 -8.143 0.042
5150 125.0 -8.043 0.431
5160 125.0 -7.818 0.663
5170 125.0 -8.011 1.027
5180 125.0 -8.002 1.333
5190 125.0 -8.152 1.409
5200 125.0 -8.208 1.600
5210 125.0 -8.626 1.811
5220 125.0 -8.497 2.048
5230 125.0 -8.501 2.449
5240 125.0 -8.568 2.743
5250 125.0 -8.447 2.711
5260 125.0 -8.478 2.633
5270 125.0 -8.506 2.894
5280 125.0 -8.656 2.896
5290 125.0 -8.764 3.146
5300 125.0 -8.569 3.422
5310 125.0 -8.493 3.572
5320 125.0 -8.658 3.632
5330 125.0 -8.857 3.978
5180 136.0 -12.216 13.985
5190 136.0 -11.796 13.713
5200 136.0 -11.097 13.556
5210 136.0 -10.676 13.654
5220 136.0 -10.458 13.484
5230 136.0 -10.007 13.228
5240 136.0 -9.382 13.157
5250 136.0 -9.079 12.987
5260 136.0 -8.686 12.766
5270 136.0 -8.307 12.502
5280 136.0 -7.920 12.171
5290 136.0 -7.596 11.826
5300 136.0 -7.336 11.542
5310 136.0 -7.403 10.905
5320 136.0 -7.540 10.429
5330 136.0 -7.502 9.773
5340 136.0 -7.426 9.341
5350 136.0 -7.357 8.755
5360 136.0 -7.529 8.204
5370 136.0 -7.647 7.719
5200 137.0 -5.387 0.433
5210 137.0 -5.310 0.640
5220 137.0 -5.308 1.264
5230 137.0 -5.106 2.011
5240 137.0 -5.065 2.357
5250 137.0 -4.994 2.836
5260 137.0 -5.135 3.228
5270 137.0 -4.827 3.832
5280 137.0 -4.962 4.468
5290 137.0 -5.182 5.036
5300 137.0 -4.935 5.679
5310 137.0 -5.244 6.070
5320 137.0 -4.988 6.589
5330 137.0 -4.871 7.416
5340 137.0 -5.069 7.728
5350 137.0 -4.594 8.379
5360 137.0 -5.078 8.787
5370 137.0 -4.895 9.421
5380 137.0 -4.818 10.119
5390 137.0 -5.086 10.759
5200 138.0 -4.584 0.408
5210 138.0 -4.639 0.666
5220 138.0 -4.552 1.246
5230 138.0 -4.473 1.811
5240 138.0 -4.425 2.390
5250 138.0 -4.423 2.606
5260 138.0 -4.373 3.288
5270 138.0 -4.330 3.934
5280 138.0 -4.077 4.427
5290 138.0 -4.280 5.054
5300 138.0 -4.138 5.449
5310 138.0 -4.080 5.991
5320 138.0 -4.285 6.593
5330 138.0 -4.091 6.949
5340 138.0 -4.048 7.506
5350 138.0 -4.074 8.168
5360 138.0 -4.201 8.769
5370 138.0 -4.234 9.325
5380 138.0 -4.347 9.745
5390 138.0 -4.389 10.309
5340 126.0 -8.658 4.180
5350 126.0 -8.549 4.261
5360 126.0 -8.669 4.367
5370 126.0 -8.578 4.609
5380 126.0 -8.653 4.898
5390 126.0 -8.554 4.794
5400 126.0 -8.476 5.115
5410 126.0 -8.633 5.193
5420 126.0 -8.673 5.436
5430 126.0 -8.439 5.583
5440 126.0 -8.721 5.778
5450 126.0 -8.491 5.909
5460 126.0 -8.442 5.979
5470 126.0 -8.548 5.952
5480 126.0 -8.621 5.975
5490 126.0 -8.641 5.860
5500 126.0 -8.635 5.776
5510 126.0 -8.550 5.499
5520 126.0 -8.683 5.499
5530 126.0 -8.599 5.370
5360 139.0 -5.243 0.131
5370 139.0 -5.267 0.835
5380 139.0 -5.301 1.383
5390 139.0 -5.367 1.918
5400 139.0 -5.296 2.569
5410 139.0 -5.430 3.101
5420 139.0 -5.390 3.755
5430 139.0 -5.468 4.385
5440 139.0 -5.304 4.951
5450 139.0 -5.374 5.514
5460 139.0 -5.472 6.158
5470 139.0 -5.676 6.881
5480 139.0 -5.770 7.529
5490 139.0 -5.897 8.158
5500 139.0 -5.935 8.713
5510 139.0 -6.152 9.377
5520 139.0 -6.182 9.966
5530 139.0 -6.449 10.566
5540 139.0 -6.441 11.058
5550 139.0 -6.562 11.780
5410 140.0 -9.190 0.103
5420 140.0 -8.761 0.458
5430 140.0 -8.506 0.694
5440 140.0 -8.151 0.921
5450 140.0 -8.187 1.492
5460 140.0 -7.654 1.770
5470 140.0 -7.474 2.346
5480 140.0 -7.339 2.594
5490 140.0 -7.220 2.974
5500 140.0 -7.262 3.505
5510 140.0 -6.897 3.729
5520 140.0 -6.917 4.275
5530 140.0 -6.737 4.662
5540 140.0 -6.362 4.863
5550 140.0 -6.718 5.237
5560 140.0 -6.518 5.574
5570 140.0 -6.663 5.921
5580 140.0 -6.308 6.167
5590 140.0 -6.546 6.361
5600 140.0 -6.369 6.924
5440 141.0 -7.572 0.280
5450 141.0 -7.399 0.794
5460 141.0 -7.173 1.229
5470 141.0 -6.971 1.421
5480 141.0 -6.748 1.955
5490 141.0 -6.521 2.433
5500 141.0 -6.382 2.882
5510 141.0 -6.166 3.114
5520 141.0 -6.040 3.719
5530 141.0 -5.747 4.028
5540 141.0 -5.748 4.524
5550 141.0 -5.644 4.936
5560 141.0 -5.458 5.406
5570 141.0 -5.542 5.853
5580 141.0 -5.547 6.177
5590 141.0 -5.519 6.504
5600 141.0 -5.454 6.956
5610 141.0 -5.633 7.292
5620 141.0 -5.770 7.691
5630 141.0 -5.741 8.131
5520 142.0 -5.728 15.373
5530 142.0 -5.777 14.758
5540 142.0 -5.626 14.028
5550 142.0 -5.625 13.507
5560 142.0 -5.453 12.716
5570 142.0 -5.292 12.101
5580 142.0 -5.197 11.513
5590 142.0 -5.205 11.025
5600 142.0 -5.063 10.288
5610 142.0 -4.983 9.676
5620 142.0 -4.952 9.089
5630 142.0 -4.970 8.235
5640 142.0 -5.043 7.823
5650 142.0 -5.053 7.238
5660 142.0 -5.135 6.727
5670 142.0 -5.079 5.958
5680 142.0 -5.126 5.421
5690 142.0 -5.160 4.835
5700 142.0 -5.100 4.197
5710 142.0 -5.052 3.549
5540 127.0 -8.493 5.169
5550 127.0 -8.466 4.880
5560 127.0 -8.675 4.794
5570 127.0 -8.570 4.859
5580 127.0 -8.421 4.350
5590 127.0 -8.589 4.512
5600 127.0 -8.687 4.190
5610 127.0 -8.883 4.264
5620 127.0 -8.613 4.032
5630 127.0 -8.713 3.997
5640 127.0 -8.728 3.659
5650 127.0 -8.553 3.655
5660 127.0 -8.600 3.452
5670 127.0 -8.593 3.094
5680 127.0 -8.567 2.960
5690 127.0 -8.427 2.941
5700 127.0 -8.537 2.969
5710 127.0 -8.403 2.576
5720 127.0 -8.248 2.277
5730 127.0 -8.178 2.301
5630 143.0 -12.084 14.296
5640 143.0 -11.588 14.347
5650 143.0 -11.148 14.300
5660 143.0 -10.894 14.157
5670 143.0 -10.437 14.124
5680 143.0 -10.200 13.978
5690 143.0 -9.718 13.877
5700 143.0 -9.502 13.812
5710 143.0 -9.073 13.535
5720 143.0 -8.754 13.473
5730 143.0 -8.412 13.314
5740 143.0 -8.198 13.101
5750 143.0 -7.854 12.891
5760 143.0 -7.503 12.628
5770 143.0 -7.327 12.059
5780 143.0 -7.090 11.732
5790 143.0 -6.935 11.697
5800 143.0 -6.716 11.336
5810 143.0 -6.628 11.805
5820 143.0 -6.374 12.068
5630 144.0 -12.160 13.653
5640 144.0 -11.797 13.568
5650 144.0 -11.541 13.481
5660 144.0 -11.131 13.401
5670 144.0 -10.736 13.338
5680 144.0 -10.494 13.317
5690 144.0 -10.147 13.212
5700 144.0 -9.726 13.268
5710 144.0 -9.417 13.017
5720 144.0 -9.059 12.965
5730 144.0 -8.821 12.893
5740 144.0 -8.604 12.612
5750 144.0 -8.378 12.543
5760 144.0 -8.220 12.348
5770 144.0 -7.965 12.275
5780 144.0 -7.768 12.269
5790 144.0 -7.652 12.191
5800 144.0 -7.721 12.314
5810 144.0 -7.564 12.389
5820 144.0 -7.449 12.546
5730 145.0 -12.368 14.502
5740 145.0 -11.988 14.469
5750 145.0 -11.929 14.504
5760 145.0 -11.420 14.704
5770 145.0 -11.157 14.841
5780 145.0 -10.881 14.749
5790 145.0 -10.704 14.852
5800 145.0 -10.312 14.718
5810 145.0 -9.799 14.709
5820 145.0 -9.552 14.723
5830 145.0 -9.282 14.661
5840 145.0 -9.167 14.691
5850 145.0 -8.802 14.669
5860 145.0 -8.571 14.515
5870 145.0 -8.249 14.541
5880 145.0 -7.981 14.629
5890 145.0 -7.784 14.580
5900 145.0 -7.530 14.855
5910 145.0 -7.182 14.783
5920 145.0 -6.891 14.851
5740 128.0 -8.261 2.102
5750 128.0 -8.207 1.968
5760 128.0 -8.285 1.836
5770 128.0 -8.201 1.772
5780 128.0 -8.241 1.529
5790 128.0 -8.224 1.414
5800 128.0 -8.073 1.300
5810 128.0 -8.105 1.248
5820 128.0 -8.244 1.058
5830 128.0 -8.191 0.863
5840 128.0 -8.196 0.733
5850 128.0 -8.170 0.762
5860 128.0 -8.173 0.765
5870 128.0 -8.170 0.768
5880 128.0 -8.159 0.864
5890 128.0 -8.051 0.913
5900 128.0 -8.073 0.935
5910 128.0 -7.997 1.183
5920 128.0 -8.010 1.292
5930 128.0 -7.970 1.422
5940 129.0 -8.031 1.436
5950 129.0 -8.173 1.779
5960 129.0 -8.046 1.965
5970 129.0 -8.151 2.404
5980 129.0 -8.065 2.394
5990 129.0 -8.067 2.613
6000 129.0 -8.206 2.865
6010 129.0 -8.223 2.954
6020 129.0 -8.181 3.221
6030 129.0 -8.543 3.220
6040 129.0 -8.707 3.418
6050 129.0 -8.243 3.362
6060 129.0 -8.432 4.039
6070 129.0 -8.410 4.133
6080 129.0 -8.327 4.142
6090 129.0 -8.509 4.587
6100 129.0 -8.564 4.593
6110 129.0 -8.216 4.573
6120 129.0 -8.365 4.634
6130 129.0 -8.230 5.111
6020 146.0 -4.430 14.964
6030 146.0 -4.522 14.360
6040 146.0 -4.572 14.192
6050 146.0 -4.573 13.184
6060 146.0 -4.771 12.683
6070 146.0 -4.760 12.217
6080 146.0 -4.676 11.803
6090 146.0 -4.823 11.110
6100 146.0 -5.055 10.783
6110 146.0 -5.309 10.185
6120 146.0 -5.342 9.954
6130 146.0 -5.423 9.581
6140 146.0 -5.329 9.337
6150 146.0 -5.547 9.202
6160 146.0 -5.497 8.723
6170 146.0 -5.644 8.535
6180 146.0 -5.764 8.211
6190 146.0 -5.973 7.970
6200 146.0 -6.248 7.543
6210 146.0 -5.980 7.011
6050 147.0 -4.333 15.212
6060 147.0 -4.599 14.982
6070 147.0 -4.641 13.934
6080 147.0 -4.870 13.809
6090 147.0 -5.000 13.108
6100 147.0 -5.046 12.736
6110 147.0 -5.210 12.200
6120 147.0 -5.263 11.640
6130 147.0 -5.444 11.274
6140 147.0 -5.424 10.562
6150 147.0 -5.470 10.251
6160 147.0 -5.483 9.744
6170 147.0 -5.562 9.367
6180 147.0 -5.970 9.314
6190 147.0 -5.996 8.728
6200 147.0 -5.940 8.380
6210 147.0 -6.267 7.741
6220 147.0 -6.360 7.399
6230 147.0 -6.353 7.102
6240 147.0 -6.545 6.407
6060 148.0 -5.336 14.791
6070 148.0 -5.449 14.377
6080 148.0 -5.547 14.053
6090 148.0 -5.550 13.320
6100 148.0 -5.609 12.922
6110 148.0 -5.838 12.388
6120 148.0 -5.970 11.789
6130 148.0 -5.890 11.245
6140 148.0 -5.877 10.593
6150 148.0 -5.896 10.251
6160 148.0 -6.104 9.583
6170 148.0 -6.106 9.436
6180 148.0 -6.196 8.603
6190 148.0 -6.452 8.061
6200 148.0 -6.667 7.851
6210 148.0 -6.524 7.329
6220 148.0 -6.941 6.655
6230 148.0 -6.947 6.414
6240 148.0 -6.928 6.063
6250 148.0 -7.023 5.390
6140 130.0 -8.365 5.186
6150 130.0 -8.296 5.400
6160 130.0 -8.611 5.562
6170 130.0 -8.462 5.671
6180 130.0 -8.666 5.455
6190 130.0 -8.728 5.870
6200 130.0 -8.196 5.750
6210 130.0 -8.449 5.595
6220 130.0 -8.162 5.568
6230 130.0 -8.363 5.557
6240 130.0 -8.438 5.348
6250 130.0 -8.299 5.262
6260 130.0 -8.654 5.316
6270 130.0 -8.469 5.255
6280 130.0 -8.129 5.408
6290 130.0 -8.306 5.295
6300 130.0 -8.696 5.043
6310 130.0 -8.132 5.094
6320 130.0 -8.631 4.813
6330 130.0 -8.667 4.937
6210 149.0 -9.225 15.017
6220 149.0 -9.105 14.736
6230 149.0 -8.723 14.502
6240 149.0 -8.636 14.053
6250 149.0 -8.449 13.611
6260 149.0 -7.951 13.277
6270 149.0 -7.892 12.789
6280 149.0 -7.738 12.614
6290 149.0 -7.608 12.043
6300 149.0 -7.504 11.835
6310 149.0 -7.272 11.413
6320 149.0 -7.221 11.072
6330 149.0 -7.320 10.841
6340 149.0 -7.352 10.589
6350 149.0 -7.408 10.089
6360 149.0 -7.463 9.787
6370 149.0 -7.594 9.264
6380 149.0 -7.794 8.920
6390 149.0 -7.880 8.727
6400 149.0 -7.866 8.511
6210 153.0 -7.214 -0.111
6220 153.0 -7.264 0.327
6230 153.0 -7.164 0.742
6240 153.0 -7.384 0.870
6250 153.0 -7.218 1.299
6260 153.0 -7.162 1.662
6270 153.0 -7.363 1.943
6280 153.0 -7.088 2.206
6290 153.0 -7.426 2.622
6300 153.0 -7.310 2.903
6310 153.0 -7.439 3.153
6320 153.0 -7.367 3.621
6330 153.0 -7.481 4.038
6340 153.0 -7.573 4.568
6350 153.0 -7.719 4.779
6360 153.0 -7.866 5.244
6370 153.0 -7.928 5.486
6380 153.0 -8.139 6.112
6390 153.0 -8.306 6.573
6400 153.0 -8.378 7.105
6210 154.0 -5.989 0.007
6220 154.0 -6.109 0.355
6230 154.0 -6.270 0.782
6240 154.0 -6.294 1.212
6250 154.0 -6.402 1.576
6260 154.0 -6.778 2.141
6270 154.0 -6.602 2.247
6280 154.0 -6.706 2.725
6290 154.0 -6.729 3.055
6300 154.0 -6.791 3.480
6310 154.0 -6.845 3.869
6320 154.0 -6.746 4.074
6330 154.0 -6.783 4.418
6340 154.0 -6.759 4.945
6350 154.0 -6.846 5.094
6360 154.0 -6.775 5.611
6370 154.0 -6.828 6.017
6380 154.0 -6.693 6.351
6390 154.0 -6.729 6.653
6400 154.0 -6.605 7.025
6220 151.0 -8.279 15.231
6230 151.0 -8.150 14.899
6240 151.0 -7.999 14.585
6250 151.0 -7.752 14.254
6260 151.0 -7.657 13.950
6270 151.0 -7.476 13.611
6280 151.0 -7.258 13.267
6290 151.0 -7.106 12.852
6300 151.0 -6.920 12.396
6310 151.0 -6.601 12.055
6320 151.0 -6.580 11.558
6330 151.0 -6.693 11.083
6340 151.0 -6.704 10.635
6350 151.0 -6.880 10.222
6360 151.0 -6.718 9.896
6370 151.0 -7.065 9.349
6380 151.0 -7.158 9.071
6390 151.0 -7.150 8.853
6400 151.0 -7.183 8.386
6410 151.0 -7.300 8.154
6310 156.0 -4.979 15.077
6320 156.0 -5.024 14.655
6330 156.0 -5.393 14.330
6340 156.0 -5.220 13.875
6350 156.0 -5.342 13.176
6360 156.0 -5.263 13.101
6370 156.0 -5.430 12.369
6380 156.0 -5.224 12.037
6390 156.0 -5.588 11.269
6400 156.0 -5.529 11.238
6410 156.0 -5.459 10.693
6420 156.0 -5.670 10.439
6430 156.0 -5.412 9.764
6440 156.0 -5.660 9.340
6450 156.0 -5.549 8.938
6460 156.0 -5.317 8.675
6470 156.0 -5.666 8.297
6480 156.0 -5.608 7.882
6490 156.0 -5.749 7.423
6500 156.0 -5.798 7.086
6310 161.0 -6.313 15.350
6320 161.0 -6.346 14.716
6330 161.0 -5.987 14.317
6340 161.0 -6.310 14.273
6350 161.0 -6.322 13.869
6360 161.0 -6.570 13.014
6370 161.0 -6.373 12.931
6380 161.0 -6.671 12.586
6390 161.0 -6.624 12.366
6400 161.0 -6.556 11.652
6410 161.0 -6.594 11.517
6420 161.0 -6.765 11.668
6430 161.0 -6.420 11.432
6440 161.0 -6.417 11.486
6450 161.0 -6.400 11.429
6460 161.0 -6.593 11.695
6470 161.0 -6.435 11.230
6480 161.0 -6.321 11.613
6490 161.0 -6.620 11.537
6500 161.0 -6.617 11.259
6340 131.0 -8.466 4.298
6350 131.0 -8.587 4.444
6360 131.0 -8.617 4.105
6370 131.0 -8.480 3.925
6380 131.0 -8.371 3.866
6390 131.0 -8.469 3.523
6400 131.0 -8.483 3.469
6410 131.0 -8.202 3.366
6420 131.0 -8.298 3.299
6430 131.0 -8.320 3.091
6440 131.0 -8.586 2.984
6450 131.0 -8.376 3.068
6460 131.0 -8.656 2.905
6470 131.0 -8.727 2.959
6480 131.0 -8.733 3.188
6490 131.0 -8.594 2.887
6500 131.0 -8.493 3.111
6510 131.0 -8.579 3.497
6520 131.0 -8.570 3.388
6530 131.0 -8.371 3.733
6410 150.0 -8.091 8.218
6420 150.0 -8.118 7.819
6430 150.0 -8.155 7.460
6440 150.0 -8.213 7.080
6450 150.0 -8.229 6.698
6460 150.0 -8.243 6.391
6470 150.0 -8.233 6.012
6480 150.0 -8.060 5.589
6490 150.0 -8.180 5.242
6500 150.0 -8.118 4.791
6510 150.0 -8.044 4.469
6520 150.0 -7.996 3.946
6530 150.0 -7.908 3.789
6540 150.0 -7.975 3.227
6550 150.0 -8.020 2.876
6560 150.0 -8.036 2.446
6570 150.0 -8.037 1.995
6580 150.0 -8.126 1.540
6590 150.0 -8.438 1.148
6600 150.0 -8.416 0.685
6410 155.0 -6.377 7.523
6420 155.0 -6.497 8.015
6430 155.0 -6.426 8.251
6440 155.0 -6.390 8.697
6450 155.0 -6.180 8.912
6460 155.0 -6.229 9.457
6470 155.0 -6.091 9.630
6480 155.0 -5.819 9.987
6490 155.0 -5.528 10.271
6500 155.0 -5.508 10.961
6510 155.0 -5.389 11.581
6520 155.0 -5.470 11.914
6530 155.0 -5.642 12.154
6540 155.0 -5.680 12.423
6550 155.0 -5.932 13.165
6560 155.0 -5.630 13.580
6570 155.0 -5.868 14.038
6580 155.0 -5.874 14.563
6590 155.0 -6.009 14.868
6600 155.0 -5.891 15.316
6420 152.0 -7.549 8.004
6430 152.0 -7.389 7.347
6440 152.0 -7.638 7.245
6450 152.0 -7.659 6.633
6460 152.0 -7.422 6.379
6470 152.0 -7.599 6.102
6480 152.0 -7.571 5.700
6490 152.0 -7.591 5.178
6500 152.0 -7.190 4.871
6510 152.0 -7.295 4.291
6520 152.0 -7.414 3.998
6530 152.0 -7.477 3.552
6540 152.0 -7.155 3.281
6550 152.0 -7.379 2.697
6560 152.0 -7.394 1.942
6570 152.0 -7.598 1.691
6580 152.0 -7.445 1.694
6590 152.0 -7.615 1.075
6600 152.0 -7.950 0.651
6610 152.0 -7.969 0.133
6510 157.0 -5.880 6.698
6520 157.0 -6.143 6.462
6530 157.0 -6.147 6.161
6540 157.0 -6.536 6.007
6550 157.0 -6.404 5.929
6560 157.0 -7.094 5.504
6570 157.0 -6.880 5.192
6580 157.0 -7.018 4.872
6590 157.0 -7.440 4.821
6600 157.0 -7.300 4.464
6610 157.0 -7.538 4.412
6620 157.0 -7.394 4.340
6630 157.0 -7.486 4.331
6640 157.0 -7.458 4.216
6650 157.0 -7.633 3.995
6660 157.0 -7.559 4.313
6670 157.0 -7.440 4.195
6680 157.0 -7.462 4.301
6690 157.0 -7.500 4.172
6700 157.0 -7.451 4.432
6510 162.0 -6.472 11.275
6520 162.0 -6.337 11.394
6530 162.0 -6.474 11.438
6540 162.0 -6.380 11.344
6550 162.0 -6.247 11.310
6560 162.0 -6.621 11.064
6570 162.0 -6.525 11.175
6580 162.0 -6.251 11.346
6590 162.0 -6.305 11.406
6600 162.0 -6.212 11.171
6610 162.0 -6.363 11.251
6620 162.0 -6.252 11.113
6630 162.0 -6.109 11.200
6640 162.0 -6.383 11.069
6650 162.0 -6.356 10.966
6660 162.0 -6.172 11.107
6670 162.0 -6.328 10.928
6680 162.0 -6.164 10.896
6690 162.0 -6.241 11.096
6700 162.0 -6.207 10.961
6530 166.0 -4.952 0.056
6540 166.0 -5.275 0.685
6550 166.0 -5.033 1.046
6560 166.0 -5.052 1.799
6570 166.0 -5.061 1.971
6580 166.0 -5.290 2.696
6590 166.0 -5.306 3.309
6600 166.0 -5.003 3.675
6610 166.0 -5.184 4.439
6620 166.0 -5.452 4.740
6630 166.0 -5.166 5.358
6640 166.0 -5.270 6.012
6650 166.0 -5.466 6.486
6660 166.0 -5.511 6.809
6670 166.0 -5.305 7.169
6680 166.0 -5.661 7.649
6690 166.0 -5.715 8.264
6700 166.0 -5.700 8.653
6710 166.0 -5.630 9.097
6720 166.0 -5.432 9.512
6530 167.0 -5.413 0.118
6540 167.0 -5.544 0.565
6550 167.0 -5.661 1.121
6560 167.0 -5.676 1.732
6570 167.0 -5.786 2.060
6580 167.0 -5.883 2.578
6590 167.0 -5.930 3.208
6600 167.0 -5.884 3.750
6610 167.0 -5.887 4.150
6620 167.0 -5.954 4.743
6630 167.0 -5.816 5.180
6640 167.0 -5.779 5.749
6650 167.0 -5.820 6.184
6660 167.0 -5.806 6.657
6670 167.0 -5.920 7.191
6680 167.0 -5.973 7.534
6690 167.0 -6.088 8.223
6700 167.0 -6.092 8.494
6710 167.0 -6.133 8.989
6720 167.0 -6.108 9.387
6540 132.0 -8.472 3.815
6550 132.0 -8.427 3.921
6560 132.0 -8.347 4.074
6570 132.0 -8.318 4.243
6580 132.0 -8.238 4.406
6590 132.0 -8.239 4.448
6600 132.0 -8.157 4.490
6610 132.0 -8.145 4.393
6620 132.0 -8.114 4.524
6630 132.0 -8.087 4.380
6640 132.0 -8.039 4.442
6650 132.0 -8.112 4.386
6660 132.0 -8.147 4.467
6670 132.0 -7.958 4.364
6680 132.0 -8.155 4.369
6690 132.0 -8.178 4.346
6700 132.0 -8.012 4.345
6710 132.0 -8.067 4.385
6720 132.0 -8.037 4.323
6730 132.0 -8.076 4.215
6570 168.0 -5.228 14.728
6580 168.0 -5.451 14.279
6590 168.0 -5.347 13.359
6600 168.0 -5.406 13.231
6610 168.0 -5.314 12.694
6620 168.0 -5.430 12.196
6630 168.0 -5.184 11.784
6640 168.0 -5.413 11.014
6650 168.0 -5.352 10.794
6660 168.0 -5.446 10.267
6670 168.0 -5.352 9.746
6680 168.0 -5.168 9.254
6690 168.0 -5.373 8.587
6700 168.0 -5.355 8.304
6710 168.0 -5.392 7.876
6720 168.0 -5.329 7.190
6730 168.0 -5.295 6.775
6740 168.0 -5.536 6.212
6750 168.0 -5.583 5.668
6760 168.0 -5.656 5.250
6570 169.0 -4.711 14.907
6580 169.0 -4.661 14.377
6590 169.0 -4.607 13.866
6600 169.0 -4.858 13.389
6610 169.0 -4.842 12.660
6620 169.0 -4.769 12.423
6630 169.0 -4.830 11.753
6640 169.0 -4.878 11.417
6650 169.0 -4.724 10.780
6660 169.0 -4.730 10.266
6670 169.0 -4.906 9.834
6680 169.0 -4.645 9.422
6690 169.0 -4.832 8.852
6700 169.0 -4.823 8.277
6710 169.0 -4.819 7.869
6720 169.0 -5.003 7.396
6730 169.0 -4.966 7.103
6740 169.0 -4.858 6.331
6750 169.0 -4.758 6.047
6760 169.0 -4.878 5.361
6580 170.0 -5.137 -0.089
6590 170.0 -4.764 0.401
6600 170.0 -4.827 1.366
6610 170.0 -4.775 1.639
6620 170.0 -4.783 2.365
6630 170.0 -4.653 3.015
6640 170.0 -4.487 3.418
6650 170.0 -4.558 3.935
6660 170.0 -4.641 4.808
6670 170.0 -4.447 5.107
6680 170.0 -4.428 5.867
6690 170.0 -4.631 6.529
6700 170.0 -4.358 6.927
6710 170.0 -4.318 7.511
6720 170.0 -4.128 7.879
6730 170.0 -3.854 8.371
6740 170.0 -3.680 8.793
6750 170.0 -3.134 9.139
6760 170.0 -2.727 9.484
6770 170.0 -2.076 9.613
6580 171.0 -4.490 0.079
6590 171.0 -4.350 0.725
6600 171.0 -4.370 0.998
6610 171.0 -4.111 1.540
6620 171.0 -4.023 1.945
6630 171.0 -3.960 2.523
6640 171.0 -4.116 3.336
6650 171.0 -3.867 3.687
6660 171.0 -3.897 4.329
6670 171.0 -3.884 5.163
6680 171.0 -3.589 5.765
6690 171.0 -3.848 5.880
6700 171.0 -4.005 6.472
6710 171.0 -3.274 7.272
6720 171.0 -3.352 7.547
6730 171.0 -2.894 8.195
6740 171.0 -2.266 8.376
6750 171.0 -2.473 8.357
6760 171.0 -2.123 8.614
6770 171.0 -1.890 9.118
6710 158.0 -7.394 4.184
6720 158.0 -7.622 4.329
6730 158.0 -7.777 4.136
6740 158.0 -7.556 4.210
6750 158.0 -7.631 4.205
6760 158.0 -7.459 4.172
6770 158.0 -7.620 4.157
6780 158.0 -7.633 4.138
6790 158.0 -7.423 4.103
6800 158.0 -7.659 4.119
6810 158.0 -7.495 4.131
6820 158.0 -7.656 3.993
6830 158.0 -7.736 4.209
6840 158.0 -7.390 3.952
6850 158.0 -7.614 4.165
6860 158.0 -7.778 4.202
6870 158.0 -7.667 4.240
6880 158.0 -7.715 4.044
6890 158.0 -7.652 4.203
6900 158.0 -7.675 4.093
6710 163.0 -6.334 10.751
6720 163.0 -6.272 10.703
6730 163.0 -6.377 10.627
6740 163.0 -6.156 10.506
6750 163.0 -6.399 10.616
6760 163.0 -6.286 10.563
6770 163.0 -6.309 10.354
6780 163.0 -6.291 10.577
6790 163.0 -6.517 10.541
6800 163.0 -6.298 10.660
6810 163.0 -6.319 10.551
6820 163.0 -6.493 10.521
6830 163.0 -6.332 10.628
6840 163.0 -6.302 10.460
6850 163.0 -6.554 10.329
6860 163.0 -6.459 10.548
6870 163.0 -6.350 10.412
6880 163.0 -6.399 10.516
6890 163.0 -6.551 10.466
6900 163.0 -6.435 10.414
6720 172.0 -4.192 0.214
6730 172.0 -4.090 0.595
6740 172.0 -3.876 1.249
6750 172.0 -3.841 1.542
6760 172.0 -3.813 1.949
6770 172.0 -3.909 2.643
6780 172.0 -3.903 2.964
6790 172.0 -3.736 3.813
6800 172.0 -3.743 3.912
6810 172.0 -3.869 4.338
6820 172.0 -3.548 4.811
6830 172.0 -4.136 5.280
6840 172.0 -4.178 5.628
6850 172.0 -3.938 6.163
6860 172.0 -4.309 6.446
6870 172.0 -4.397 6.983
6880 172.0 -3.908 7.398
6890 172.0 -4.227 7.764
6900 172.0 -3.919 8.229
6910 172.0 -4.289 8.604
6740 133.0 -7.994 4.304
6750 133.0 -7.974 4.180
6760 133.0 -8.126 4.399
6770 133.0 -7.984 4.397
6780 133.0 -7.798 4.277
6790 133.0 -7.722 4.289
6800 133.0 -7.985 4.332
6810 133.0 -7.846 4.246
6820 133.0 -7.812 4.222
6830 133.0 -8.002 4.147
6840 133.0 -7.769 4.109
6850 133.0 -7.920 4.228
6860 133.0 -7.683 4.385
6870 133.0 -8.103 4.003
6880 133.0 -7.965 3.998
6890 133.0 -8.067 4.101
6900 133.0 -7.915 4.059
6910 133.0 -8.033 4.157
6920 133.0 -8.097 4.152
6930 133.0 -8.026 4.036
6740 173.0 -4.910 -0.033
6750 173.0 -4.809 0.457
6760 173.0 -5.016 0.630
6770 173.0 -4.674 1.375
6780 173.0 -4.930 1.507
6790 173.0 -4.882 2.119
6800 173.0 -4.689 2.348
6810 173.0 -4.406 2.631
6820 173.0 -4.026 3.144
6830 173.0 -4.166 3.163
6840 173.0 -4.104 3.937
6850 173.0 -4.000 4.363
6860 173.0 -4.167 4.632
6870 173.0 -4.221 5.149
6880 173.0 -4.247 5.439
6890 173.0 -4.279 5.855
6900 173.0 -4.260 6.224
6910 173.0 -4.526 6.607
6920 173.0 -4.603 6.974
6930 173.0 -4.201 7.742
6750 174.0 -5.620 0.296
6760 174.0 -5.606 0.636
6770 174.0 -5.513 1.123
6780 174.0 -5.546 1.508
6790 174.0 -5.474 1.837
6800 174.0 -5.316 2.063
6810 174.0 -5.656 2.359
6820 174.0 -5.828 2.671
6830 174.0 -5.831 3.061
6840 174.0 -5.813 3.503
6850 174.0 -5.989 3.770
6860 174.0 -5.845 4.247
6870 174.0 -5.489 4.689
6880 174.0 -5.629 5.175
6890 174.0 -5.523 5.615
6900 174.0 -5.599 5.974
6910 174.0 -5.528 6.385
6920 174.0 -5.550 6.811
6930 174.0 -5.372 7.137
6940 174.0 -5.522 7.840
6880 175.0 -5.010 15.284
6890 175.0 -4.988 14.294
6900 175.0 -5.003 13.931
6910 175.0 -4.917 13.385
6920 175.0 -5.311 12.987
6930 175.0 -4.998 11.996
6940 175.0 -5.210 11.916
6950 175.0 -5.304 11.440
6960 175.0 -5.552 10.945
6970 175.0 -5.856 10.724
6980 175.0 -5.723 9.847
6990 175.0 -5.978 9.462
7000 175.0 -6.258 8.943
7010 175.0 -6.039 8.496
7020 175.0 -6.591 8.038
7030 175.0 -6.255 7.464
7040 175.0 -6.632 7.143
7050 175.0 -6.326 6.704
7060 175.0 -6.628 6.404
7070 175.0 -6.189 6.034
6880 177.0 -4.145 15.213
6890 177.0 -4.322 14.571
6900 177.0 -4.443 14.071
6910 177.0 -4.279 13.604
6920 177.0 -4.345 13.100
6930 177.0 -4.726 12.755
6940 177.0 -4.904 11.940
6950 177.0 -4.680 11.906
6960 177.0 -4.921 11.327
6970 177.0 -5.068 11.055
6980 177.0 -5.236 10.545
6990 177.0 -5.465 10.124
7000 177.0 -5.483 9.666
7010 177.0 -5.279 9.409
7020 177.0 -5.522 8.554
7030 177.0 -5.506 8.448
7040 177.0 -5.463 7.683
7050 177.0 -5.477 7.317
7060 177.0 -5.727 6.762
7070 177.0 -5.524 6.125
6910 159.0 -7.635 4.254
6920 159.0 -7.453 4.114
6930 159.0 -7.650 4.377
6940 159.0 -7.492 4.307
6950 159.0 -7.488 4.362
6960 159.0 -7.573 4.305
6970 159.0 -7.533 4.605
6980 159.0 -7.405 4.321
6990 159.0 -7.402 4.380
7000 159.0 -7.300 4.370
7010 159.0 -7.440 4.377
7020 159.0 -7.431 4.321
7030 159.0 -7.590 4.272
7040 159.0 -7.454 4.102
7050 159.0 -7.437 4.125
7060 159.0 -7.485 4.111
7070 159.0 -7.494 4.029
7080 159.0 -7.499 4.143
7090 159.0 -7.557 4.119
7100 159.0 -7.611 4.036
6910 164.0 -6.156 10.499
6920 164.0 -6.334 10.422
6930 164.0 -6.393 10.404
6940 164.0 -6.357 10.370
6950 164.0 -6.464 10.284
6960 164.0 -6.392 10.390
6970 164.0 -6.394 10.372
6980 164.0 -6.605 10.218
6990 164.0 -6.751 9.814
7000 164.0 -6.852 9.451
7010 164.0 -7.067 8.957
7020 164.0 -7.086 8.594
7030 164.0 -7.213 8.416
7040 164.0 -7.256 7.745
7050 164.0 -7.262 7.844
7060 164.0 -7.265 7.113
7070 164.0 -7.320 6.898
7080 164.0 -7.479 6.664
7090 164.0 -7.598 6.314
7100 164.0 -7.480 6.018
6940 134.0 -7.973 4.197
6950 134.0 -7.952 4.197
6960 134.0 -7.997 4.199
6970 134.0 -8.050 4.087
6980 134.0 -8.099 4.100
6990 134.0 -8.028 4.170
7000 134.0 -8.049 4.179
7010 134.0 -7.992 4.144
7020 134.0 -8.045 3.964
7030 134.0 -8.005 4.134
7040 134.0 -8.028 4.015
7050 134.0 -8.018 3.958
7060 134.0 -8.069 3.989
7070 134.0 -8.164 4.113
7080 134.0 -8.086 4.039
7090 134.0 -8.127 4.022
7100 134.0 -8.041 3.950
7110 134.0 -8.210 4.019
7120 134.0 -8.152 3.922
7130 134.0 -8.237 3.977
6940 182.0 -8.113 15.244
6950 182.0 -7.947 14.807
6960 182.0 -7.683 14.356
6970 182.0 -7.458 13.757
6980 182.0 -7.441 13.180
6990 182.0 -7.334 12.733
7000 182.0 -7.218 12.065
7010 182.0 -7.288 11.490
7020 182.0 -7.232 11.005
7030 182.0 -7.134 10.542
7040 182.0 -7.228 10.021
7050 182.0 -7.255 9.273
7060 182.0 -7.132 8.911
7070 182.0 -7.130 8.596
7080 182.0 -7.096 7.866
7090 182.0 -6.983 7.450
7100 182.0 -6.762 6.802
7110 182.0 -6.827 6.222
7120 182.0 -6.861 5.722
7130 182.0 -6.938 5.118
7060 179.0 -12.162 14.107
7070 179.0 -11.648 14.336
7080 179.0 -11.158 13.919
7090 179.0 -10.737 14.015
7100 179.0 -10.187 14.075
7110 179.0 -9.810 13.937
7120 179.0 -9.598 13.515
7130 179.0 -8.773 13.568
7140 179.0 -8.647 13.074
7150 179.0 -8.322 12.774
7160 179.0 -7.975 12.551
7170 179.0 -7.457 11.872
7180 179.0 -7.613 11.495
7190 179.0 -7.292 10.653
7200 179.0 -7.180 10.299
7210 179.0 -7.162 9.412
7220 179.0 -7.317 9.140
7230 179.0 -7.137 8.498
7240 179.0 -7.194 7.459
7250 179.0 -6.910 7.127
7080 176.0 -6.374 5.910
7090 176.0 -6.253 5.821
7100 176.0 -6.401 5.620
7110 176.0 -6.352 5.480
7120 176.0 -6.234 5.250
7130 176.0 -6.133 5.023
7140 176.0 -6.270 4.709
7150 176.0 -6.523 4.299
7160 176.0 -6.588 4.019
7170 176.0 -6.526 3.825
7180 176.0 -6.732 3.664
7190 176.0 -6.852 3.446
7200 176.0 -6.881 3.211
7210 176.0 -7.136 2.981
7220 176.0 -7.136 2.715
7230 176.0 -7.333 2.511
7240 176.0 -7.210 2.291
7250 176.0 -7.274 1.972
7260 176.0 -7.439 1.772
7270 176.0 -7.858 1.695
7080 178.0 -5.810 5.448
7090 178.0 -5.780 5.305
7100 178.0 -5.797 5.106
7110 178.0 -6.053 4.628
7120 178.0 -6.184 4.579
7130 178.0 -6.057 4.547
7140 178.0 -6.082 4.357
7150 178.0 -5.833 3.955
7160 178.0 -5.951 3.958
7170 178.0 -5.961 4.211
7180 178.0 -5.922 3.835
7190 178.0 -6.089 3.881
7200 178.0 -6.213 3.404
7210 178.0 -6.623 3.244
7220 178.0 -6.390 3.234
7230 178.0 -6.557 2.564
7240 178.0 -6.798 2.300
7250 178.0 -7.060 1.816
7260 178.0 -7.290 1.632
7270 178.0 -7.339 1.215
7110 160.0 -7.352 4.005
7120 160.0 -7.767 3.814
7130 160.0 -7.777 3.970
7140 160.0 -7.774 3.667
7150 160.0 -7.551 3.728
7160 160.0 -7.664 3.435
7170 160.0 -7.749 3.532
7180 160.0 -7.946 3.588
7190 160.0 -7.932 3.567
7200 160.0 -8.365 3.410
7210 160.0 -8.056 3.305
7220 160.0 -8.348 3.419
7230 160.0 -8.353 3.299
7240 160.0 -8.398 3.650
7250 160.0 -8.375 3.672
7260 160.0 -7.996 3.392
7270 160.0 -8.266 3.337
7280 160.0 -8.202 3.359
7290 160.0 -8.223 3.335
7300 160.0 -8.090 3.195
7110 165.0 -7.563 5.534
7120 165.0 -7.645 5.416
7130 165.0 -7.735 5.232
7140 165.0 -7.652 4.908
7150 165.0 -7.639 4.926
7160 165.0 -7.661 5.037
7170 165.0 -8.036 4.901
7180 165.0 -7.601 4.608
7190 165.0 -7.702 4.444
7200 165.0 -7.492 4.608
7210 165.0 -7.521 4.504
7220 165.0 -7.375 4.561
7230 165.0 -7.601 4.485
7240 165.0 -7.439 4.090
7250 165.0 -7.492 3.930
7260 165.0 -7.348 3.581
7270 165.0 -7.432 3.430
7280 165.0 -7.344 3.217
7290 165.0 -7.566 2.948
7300 165.0 -7.505 2.637
7140 135.0 -8.188 4.115
7150 135.0 -8.252 3.737
7160 135.0 -8.042 4.051
7170 135.0 -8.263 3.951
7180 135.0 -8.128 3.812
7190 135.0 -8.247 3.984
7200 135.0 -8.118 3.882
7210 135.0 -8.195 3.986
7220 135.0 -8.033 3.863
7230 135.0 -8.182 3.952
7240 135.0 -8.324 3.926
7250 135.0 -8.320 3.913
7260 135.0 -8.177 4.025
7270 135.0 -8.118 4.001
7280 135.0 -8.397 3.944
7290 135.0 -8.310 3.884
7300 135.0 -8.361 3.900
7310 135.0 -8.253 3.729
7320 135.0 -8.320 3.794
7330 135.0 -8.296 3.723
7170 181.0 -8.563 0.247
7180 181.0 -8.447 0.204
7190 181.0 -8.055 0.560
7200 181.0 -7.663 0.706
7210 181.0 -7.621 0.753
7220 181.0 -7.288 0.770
7230 181.0 -6.773 1.267
7240 181.0 -6.375 1.615
7250 181.0 -6.057 1.928
7260 181.0 -5.754 2.359
7270 181.0 -5.589 2.577
7280 181.0 -5.198 3.338
7290 181.0 -5.460 3.639
7300 181.0 -4.934 4.180
7310 181.0 -5.078 4.862
7320 181.0 -4.948 5.533
7330 181.0 -4.902 6.031
7340 181.0 -4.815 6.827
7350 181.0 -4.586 7.368
7360 181.0 -4.782 8.074
7220 183.0 -6.732 -0.134
7230 183.0 -6.354 0.143
7240 183.0 -5.893 0.677
7250 183.0 -5.567 1.073
7260 183.0 -5.287 1.531
7270 183.0 -5.037 1.972
7280 183.0 -4.891 2.540
7290 183.0 -4.725 3.019
7300 183.0 -4.591 3.710
7310 183.0 -4.640 4.419
7320 183.0 -4.438 4.960
7330 183.0 -4.405 5.615
7340 183.0 -4.323 6.250
7350 183.0 -4.271 6.849
7360 183.0 -4.019 7.523
7370 183.0 -3.926 8.247
7380 183.0 -3.856 8.810
7390 183.0 -3.761 9.460
7400 183.0 -3.813 10.086
7410 183.0 -3.718 10.813
7250 184.0 -4.499 0.192
7260 184.0 -4.823 0.339
7270 184.0 -4.667 1.178
7280 184.0 -5.188 1.482
7290 184.0 -5.161 2.040
7300 184.0 -5.260 2.578
7310 184.0 -5.403 3.036
7320 184.0 -5.291 3.876
7330 184.0 -5.526 4.455
7340 184.0 -5.328 5.090
7350 184.0 -5.417 5.466
7360 184.0 -5.407 6.011
7370 184.0 -5.068 6.615
7380 184.0 -4.821 7.165
7390 184.0 -4.856 7.694
7400 184.0 -4.965 8.171
7410 184.0 -4.773 8.715
7420 184.0 -4.561 9.463
7430 184.0 -4.489 10.128
7440 184.0 -4.514 10.724
7260 180.0 -7.341 6.769
7270 180.0 -7.257 6.285
7280 180.0 -7.294 5.719
7290 180.0 -7.260 5.234
7300 180.0 -7.159 4.714
7310 180.0 -7.142 4.163
7320 180.0 -7.226 3.726
7330 180.0 -7.196 3.208
7340 180.0 -7.246 2.840
7350 180.0 -7.238 2.345
7360 180.0 -7.403 2.103
7370 180.0 -7.530 1.870
7380 180.0 -7.747 1.632
7390 180.0 -7.894 1.337
7400 180.0 -8.035 1.168
7410 180.0 -8.173 0.934
7420 180.0 -8.278 0.744
7430 180.0 -8.538 0.585
7440 180.0 -8.638 0.482
7450 180.0 -8.814 0.281
7290 185.0 -4.139 15.080
7300 185.0 -4.179 14.265
7310 185.0 -4.392 13.526
7320 185.0 -4.491 12.792
7330 185.0 -4.541 12.187
7340 185.0 -4.711 11.590
7350 185.0 -5.001 10.948
7360 185.0 -4.996 10.199
7370 185.0 -5.373 9.835
7380 185.0 -5.361 9.067
7390 185.0 -5.682 8.646
7400 185.0 -5.726 8.159
7410 185.0 -5.669 7.590
7420 185.0 -5.544 6.924
7430 185.0 -5.699 6.412
7440 185.0 -5.529 5.602
7450 185.0 -5.552 4.832
7460 185.0 -5.430 4.492
7470 185.0 -5.187 3.742
7480 185.0 -5.469 3.104
